0.1232	87.3362
0.2573	94.518
0.3598	100.806
0.4828	83.4028
0.5964	90.4977
0.6976	101.729
0.8268	79.1766
0.9471	85.1789
1.0688	84.0336
1.2149	69.7837
1.3194	98.2318
1.4177	104.384
1.4762	178.571
1.5862	92.9368
1.7401	66.0066
1.8794	73.2064
1.9956	88.0282
2.1153	85.2515
2.2736	64.2261
2.3432	149.031
2.4576	89.2857
20.9483	0.540886
21.0327	160.256
21.0812	218.818
21.1547	141.643
21.2675	90.8265
21.3502	124.844
21.4568	96.1538
21.5583	101.112
21.6526	109.17
21.8014	68.6342
21.9269	81.367
22.0123	120.773
22.2068	80.6452
22.3547	68.918
22.4776	83.1255
22.5971	85.6898
22.7205	82.713
22.8306	93.1099
22.916	121.065
23.0645	68.5401
23.2013	74.5712
30.2616	1.41691
30.3698	106.496
30.4676	106.157
30.5201	200.803
30.5632	246.914
30.658	108.46
30.7366	131.752
30.7916	190.84
30.889	105.374
31.004	88.968
31.0971	110.619
31.1841	118.483
31.305	84.5309
31.4127	95.1475
31.5486	75.0188
31.6744	81.1688
31.8089	76.0456
31.9333	82.2368
32.062	79.3021
32.1542	111.607
32.2229	151.515
155.905	0.0808542
155.994	157.729
156.132	86.3558
156.234	100.806
156.31	135.87
156.444	76.5697
156.603	64.8508
156.713	93.0233
156.776	167.224
156.895	85.8369
157.039	70.373
157.165	82.713
157.315	69.3963
157.424	93.985
157.538	89.4454
157.62	126.582
157.694	142.857
157.792	104.167
157.909	87.26
158.012	99.2063
158.09	132.1
165.03	1.44144
165.077	301.205
165.175	105.152
165.203	389.105
165.226	483.092
165.312	118.343
165.412	102.459
165.497	120.773
165.555	179.533
165.655	101.833
165.739	121.803
165.844	97.4659
165.945	101.112
166.014	149.254
166.147	86.881
166.253	96.0615
166.373	84.9618
166.484	92.4214
166.594	92.2509
166.676	125.628
166.813	75.1315
173.477	1.50107
173.536	222.222
173.563	413.223
173.68	87.4126
173.777	106.496
173.905	79.3021
174.017	91.659
174.136	85.9845
174.248	91.1577
174.361	90.4977
174.46	102.881
174.526	157.729
174.632	99.3049
174.715	124.224
174.767	200.401
174.861	108.814
174.974	90.4977
175.093	85.4701
175.227	75.5287
175.353	80.8407
175.492	73.5835
327.117	0.0659531
327.158	358.423
327.196	279.33
327.312	87.6424
327.396	124.378
327.51	101.626
327.559	219.78
327.635	135.135
327.751	87.3362
327.864	90.5797
327.987	83.1947
328.145	64.0205
328.222	135.135
328.334	90.6618
328.437	99.7009
328.564	80.0641
328.655	112.108
328.746	112.994
328.857	91.8274
328.934	134.59
329.052	86.0585
347.383	0.545607
347.43	290.698
347.528	104.932
347.648	84.674
347.751	99.5025
347.864	90.5797
347.947	123.305
348.069	84.0336
348.175	96.6184
348.286	91.5751
348.325	273.224
348.413	116.822
348.536	82.6446
348.649	90.3342
348.785	74.4602
348.91	81.367
349.02	107.991
349.15	78.6782
349.225	137.174
349.362	74.4048
349.486	82.2368
369.021	0.511944
369.118	115.34
369.172	197.239
369.269	105.152
369.362	110.375
369.442	128.866
369.488	228.833
369.594	95.8773
369.696	100.604
369.792	106.61
369.845	197.628
369.943	103.842
370.03	117.647
370.14	93.3707
370.213	141.443
370.332	85.6898
370.421	114.679
370.509	116.959
370.579	147.493
370.701	83.682
370.816	88.2613
588.511	0.0459363
588.548	392.157
588.63	126.263
588.754	82.3723
588.849	107.527
588.901	202.429
589.012	91.5751
589.152	80.5802
589.234	124.224
589.344	93.1099
589.438	109.89
589.574	74.4602
589.684	93.0233
589.811	80.0641
589.928	87.26
589.988	172.414
590.109	84.0336
590.209	101.833
590.337	79.4913
590.446	93.7207
590.549	99.5025
597.341	1.47299
597.447	104.822
597.513	159.236
597.584	147.059
597.697	89.6057
597.781	122.399
597.857	137.552
597.955	103.306
598.05	108.108
598.096	227.79
598.193	105.263
598.3	95.7854
598.416	88.1834
598.511	107.643
598.638	80.3859
598.734	106.157
598.822	117.233
598.924	99.8004
598.998	180.18
599.092	109.649
599.214	83.1947
605.841	1.50953
605.948	104.058
606.032	122.85
606.085	199.203
606.184	102.669
606.293	93.7207
606.376	124.378
606.499	82.9187
606.604	97.561
606.681	134.59
606.795	88.8889
606.892	105.932
606.996	98.4252
607.096	101.729
607.212	88.0282
607.299	118.203
607.407	94.8767
607.533	80.9061
607.648	88.4956
607.719	147.059
607.76	257.069
792.744	0.0540592
792.829	138.889
792.94	92.3361
793.041	101.01
793.105	161.29
793.228	83.1255
793.325	105.82
793.414	115.34
793.516	99.8004
793.657	101.215
793.703	223.714
793.786	125.156
793.911	80.8407
794.002	113.379
794.075	141.844
794.183	94.3396
794.31	80.4505
794.428	86.2069
794.54	91.4913
794.649	92.9368
794.73	128.535
801.126	1.56394
801.185	202.02
801.223	284.091
801.319	106.157
801.403	123.916
801.502	103.306
801.586	122.1
801.656	148.148
801.744	117.233
801.834	113.122
801.937	99.2063
802.045	95.057
802.157	90.9918
802.215	179.533
802.328	90.2527
802.447	85.2515
802.56	90.6618
802.673	89.9281
802.801	79.9361
802.918	87.0322
803.045	90.4159
809.508	1.54796
809.545	362.319
809.609	163.399
809.713	98.1354
809.785	144.3
809.926	72.2022
809.987	169.205
810.081	108.578
810.162	126.582
810.26	104.712
810.377	87.6424
810.435	177.936
810.533	104.275
810.643	92.8505
810.732	115.207
810.838	96.5251
810.891	196.464
810.998	95.3289
811.111	90.2527
811.194	123.609
811.286	112.233
1073.48	0.0381402
1073.53	286.533
1073.65	84.4595
1073.77	83.8223
1073.88	90.009
1073.98	106.952
1074.07	107.759
1074.17	108.225
1074.22	222.717
1074.29	131.752
1074.4	105.485
1074.46	187.266
1074.56	102.669
1074.63	149.925
1074.66	323.625
1074.75	113.766
1074.84	117.096
1074.9	160
1075.02	88.8889
1075.12	101.523
1075.22	99.4036
1081.92	1.49309
1081.98	228.311
1082.04	156.74
1082.1	178.253
1082.21	95.1475
1082.3	112.486
1082.39	116.414
1082.5	88.3392
1082.64	74.6826
1082.77	77.0416
1082.83	183.486
1082.97	74.239
1083.07	94.8767
1083.19	91.7431
1083.31	79.7448
1083.37	173.31
1083.48	100.705
1083.62	69.541
1083.79	59.1716
1083.86	144.509
1084.02	64.8088
1111.53	0.363583
1111.65	106.383
1111.74	112.994
1111.83	109.529
1111.96	81.5661
1112.05	107.991
1112.14	124.533
1112.24	93.2836
1112.31	158.983
1112.4	113.507
1112.49	114.548
1112.55	171.527
1112.65	107.411
1112.75	97.0874
1112.85	99.9001
1112.95	107.643
1113.02	146.199
1113.07	220.751
1113.15	125.786
1113.21	158.73
1113.32	92.6784
1476.47	0.0275375
1476.56	120.482
1476.68	90.1713
1476.78	95.511
1476.84	171.821
1476.93	114.679
1477.05	88.0282
1477.13	122.85
1477.23	106.045
1477.35	82.3045
1477.45	108.578
1477.57	81.0373
1477.7	91.4077
1477.78	120.337
1477.92	74.6269
1477.98	160.772
1478.1	90.8265
1478.22	86.4304
1478.32	101.112
1478.41	106.724
1478.51	102.775
1485.55	1.42142
1485.61	182.482
1485.65	306.748
1485.73	122.399
1485.85	91.1577
1485.95	98.912
1486.71	13.224
1486.84	75.5287
1486.97	81.367
1487.1	79.1139
1487.16	174.52
1487.27	87.108
1487.37	111.235
1487.51	73.5835
1487.65	69.3001
1487.76	92.9368
1487.88	87.5657
1488.01	78.125
1488.14	77.821
1488.26	88.574
1488.37	90.9091
1496.14	1.28662
1496.2	233.1
1496.3	99.2063
1496.43	100.604
1496.53	94.2507
1496.63	106.61
1496.69	172.414
1496.77	125.628
1496.82	253.807
1496.95	72.5689
1497.06	98.5222
1497.17	92.7644
1497.3	76.9823
1497.41	100.503
1497.51	102.249
1497.61	96.2464
1497.7	111.483
1497.78	126.263
1497.88	107.643
1498	87.7963
1498.1	96.2464
1746.03	0.0403348
1746.1	182.482
1746.2	103.842
1746.31	87.0322
1746.45	75.7002
1746.55	98.5222
1746.64	115.473
1746.73	114.155
1746.83	103.627
1746.9	141.243
1747.01	96.2464
1747.12	91.7431
1747.24	81.8331
1747.34	105.042
1747.43	119.617
1747.53	111.607
1747.6	147.71
1747.71	98.2318
1747.82	91.4077
1747.92	103.093
1747.99	136.799
1754.33	1.57978
1754.37	266.667
1754.44	150.602
1754.5	170.94
1754.59	118.483
1754.69	102.987
1754.78	118.064
1754.83	215.054
1754.93	100
1755.02	117.925
1755.13	87.26
1755.18	202.429
1755.28	103.093
1755.37	119.474
1755.42	196.078
1755.58	63.857
1755.65	153.374
1755.74	111.359
1755.89	70.5219
1756.01	86.2813
1756.16	63.8978
1762.48	1.58484
1762.52	259.74
1762.57	217.391
1762.67	120.048
1762.76	105.932
1762.88	84.9618
1763	96.9932
1763.08	126.904
1763.14	180.832
1763.25	96.6184
1763.33	117.786
1763.42	121.655
1763.52	97.9432
1763.57	196.464
1763.67	106.383
1763.77	102.249
1763.88	92.6784
1763.94	164.745
1764.04	104.167
1764.16	86.1326
1764.29	79.4281
2010.31	0.0406475
2010.37	209.644
2010.47	101.729
2010.58	93.1966
2010.67	114.416
2010.73	180.18
2010.83	103.413
2010.95	85.3242
2011.08	73.7463
2011.15	156.25
2011.23	137.363
2011.29	175.439
2011.38	111.111
2011.51	75.188
2011.66	68.6813
2011.8	74.9625
2011.86	166.389
2011.97	108.932
2012.08	88.968
2012.21	84.3882
2012.33	84.1751
2019.1	1.47684
2019.16	202.429
2019.24	129.702
2019.28	295.858
2019.36	117.509
2019.49	82.2368
2019.57	130.89
2019.61	226.757
2019.7	109.89
2019.79	114.548
2019.91	90.4159
2020	117.096
2020.07	145.349
2020.18	87.9507
2020.27	111.732
2020.4	77.7605
2020.5	103.734
2020.63	82.85
2020.72	106.383
2020.78	170.358
2020.88	110.375
2027.41	1.53032
2027.45	319.489
2027.55	110.254
2027.62	133.69
2027.74	84.317
2027.86	85.1789
2027.95	114.286
2028.07	90.5797
2028.17	117.925
2028.22	213.675
2028.33	90.5797
2028.46	79.3021
2028.57	89.8473
2028.68	96.8054
2028.78	94.9668
2028.89	93.8967
2029.03	74.0741
2029.15	88.1834
2029.2	176.367
2029.31	95.8773
2029.42	92.7644
2280.64	0.0398064
2280.72	152.207
2280.83	96.2464
2280.95	88.574
2281.06	91.7431
2281.22	60.3865
2281.33	99.9001
2281.39	159.236
2281.52	82.3045
2281.64	81.103
2281.75	96.432
2281.85	98.7167
2281.91	182.815
2282.02	91.1577
2282.12	103.734
2282.25	79.1139
2282.35	100.908
2282.47	86.5801
2282.57	102.354
2282.65	154.083
2282.76	101.215
2289.49	1.48471
2289.59	116.55
2289.7	91.3242
2289.83	80.7103
2289.95	88.8099
2290.1	64.3501
2290.23	84.6024
2290.35	80.3213
2290.46	94.4287
2290.58	84.9618
2290.7	84.5309
2290.83	83.5422
2290.92	114.416
2291.06	71.0732
2291.21	68.8705
2291.27	154.799
2291.41	74.184
2291.51	101.42
2291.61	103.306
2291.68	150.83
2291.78	97.1817
2298.61	1.46585
2298.66	268.097
2298.74	117.925
2298.84	107.181
2298.95	89.6861
2299.05	107.181
2299.16	92.7644
2299.28	85.3242
2299.38	103.734
2299.48	102.775
2299.55	182.482
2299.71	63.5324
2299.84	79.1766
2299.95	93.0233
2300.05	98.3284
2300.18	79.7448
2300.27	107.875
2300.34	147.929
2300.45	97.561
2300.55	96.7118
2300.66	94.9668
2612.69	0.0320489
2612.81	93.633
2612.91	97.0874
2613.01	111.857
2613.11	99.3049
2613.2	111.857
2613.25	215.054
2613.37	85.8369
2613.47	102.354
2613.55	129.032
2613.67	85.2515
2613.75	126.103
2613.81	174.825
2613.9	109.649
2614	98.6193
2614.06	184.162
2614.16	108.46
2614.29	78.125
2614.45	61.2745
2614.52	147.275
2614.63	91.1577
2664.61	0.20016
2664.66	277.008
2664.72	172.414
2664.84	87.4126
2664.9	174.52
2665	102.669
2665.09	104.603
2665.19	101.01
2665.31	88.2613
2665.42	96.8054
2665.5	126.422
2665.57	143.678
2665.68	90.4159
2665.77	119.474
2665.9	78.7402
2666	101.112
2666.13	74.8503
2666.28	71.582
2666.38	101.729
2666.48	101.215
2666.59	90.9091
2681.75	0.659496
2681.86	105.374
2681.96	108.814
2682.07	85.8369
2682.17	106.045
2682.22	213.675
2682.31	107.527
2682.35	273.224
2682.45	105.485
2682.55	106.496
2682.62	137.552
2682.75	80.2568
2682.81	198.807
2682.92	94.697
2683.03	98.912
2683.12	109.17
2683.19	139.665
2683.3	99.4036
2683.4	94.6074
2683.53	83.2639
2683.59	157.48
3189.68	0.0197597
3189.77	123.609
3189.88	93.1966
3190	83.8223
3190.07	144.509
3190.17	104.603
3190.25	131.062
3190.34	118.343
3190.44	98.6193
3190.51	141.443
3190.6	120.192
3190.71	94.0734
3190.81	103.199
3190.87	155.763
3191.07	50.9424
3191.14	155.039
3191.23	113.895
3191.31	120.919
3191.43	84.317
3191.51	132.626
3191.65	76.1615
3198.57	1.44511
3198.67	105.152
3198.76	116.144
3198.88	98.912
3198.92	234.192
3199.03	100.705
3199.14	93.8086
3199.25	89.9281
3199.35	97.8474
3199.39	266.667
3199.55	65.9196
3199.61	163.399
3199.72	90.0901
3199.82	108.578
3199.94	85.4701
3200.03	110.742
3200.1	145.773
3200.21	92.4214
3200.32	97.4659
3200.43	89.1266
3200.49	183.824
3209.43	1.11864
3209.48	245.7
3209.56	128.7
3209.67	89.2857
3209.77	110.619
3209.82	182.482
3209.91	114.943
3210.01	103.413
3210.12	94.0734
3210.23	91.1577
3210.35	87.184
3210.46	94.518
3210.58	87.108
3210.68	99.3049
3210.76	171.233
3210.85	107.643
3210.95	101.937
3211.01	180.832
3211.11	107.066
3211.22	91.1577
3211.31	106.838
3545	0.0299685
3545.05	304.878
3545.09	278.552
3545.16	141.243
3545.27	96.2464
3545.38	91.4077
3545.44	179.211
3545.54	101.42
3545.63	107.991
3545.75	86.2813
3545.85	103.95
3545.95	102.987
3546.06	88.0282
3546.13	148.148
3546.23	107.643
3546.32	107.527
3546.42	109.29
3546.49	143.472
3546.6	91.7431
3546.78	55.2792
3546.89	99.2063
3554.18	1.37248
3554.24	188.679
3554.31	139.47
3554.43	86.5801
3554.53	107.991
3554.65	94.697
3554.69	245.098
3554.79	106.496
3554.9	90.8265
3555.01	93.5454
3555.11	107.411
3555.16	193.798
3555.26	103.734
3555.37	88.7311
3555.49	90.9091
3555.56	147.493
3555.67	93.3707
3555.79	85.4701
3555.89	99.7009
3556.03	70.6714
3556.14	95.511
3563.46	1.36578
3563.65	69.3481
3563.68	299.401
3563.93	41.3394
3564.04	90.7441
3564.12	147.71
3564.22	108.46
3564.31	106.952
3564.42	96.7118
3564.54	85.8369
3564.58	225.734
3564.7	89.8473
3564.81	90.7441
3564.87	164.745
3565.01	77.9423
3565.15	71.5308
3565.29	86.7303
3565.42	77.5795
3565.52	100.604
3565.64	89.6861
3565.74	99.3049
4270.33	0.0141927
4270.42	130.548
4270.52	98.1354
4270.69	60.35
4270.78	121.359
4270.9	81.3008
4271.03	78.125
4271.15	92.5069
4271.27	78.7402
4271.41	74.6826
4271.54	79.3021
4271.66	87.6424
4271.72	154.799
4271.82	107.527
4271.95	76.3942
4272.06	95.6938
4272.19	80.7754
4272.25	171.821
4272.36	89.3655
4272.48	82.3723
4272.6	87.7963
4281.05	1.18342
4281.18	97.7517
4281.28	110.619
4281.42	70.5716
4281.53	97.371
4281.74	50.1253
4281.86	82.7815
4281.98	130.039
4282.14	64.6412
4282.28	73.692
4282.41	83.9631
4282.5	115.207
4282.64	73.5835
4282.76	84.3882
4282.89	78.4929
4283.02	80.8407
4283.09	142.653
4283.22	75.9878
4283.32	104.603
4283.42	99.108
4283.5	146.199
4290.53	1.42177
4290.65	97.8474
4290.73	118.343
4290.85	88.7311
4290.92	146.413
4290.97	213.22
4291.06	107.991
4291.18	85.2515
4291.27	115.075
4291.4	80.9717
4291.52	83.682
4291.58	177.936
4291.68	103.413
4291.77	109.649
4291.88	93.2836
4292	85.1789
4292.14	75.0751
4292.25	91.4077
4292.39	81.367
4292.51	88.0282
4292.57	171.527
4626.95	0.0299057
4627.02	189.036
4627.05	318.471
4627.13	142.045
4627.18	196.85
4627.35	58.5823
4627.49	76.6284
4627.61	84.4595
4627.72	90.6618
4627.82	98.1354
4627.94	91.2409
4628.04	92.5069
4628.16	89.6057
4628.25	108.108
4628.36	92.8505
4628.46	110.011
4628.52	151.976
4628.62	107.991
4628.72	99.3049
4628.8	126.422
4628.88	132.979
4721.62	0.10783
4721.69	195.313
4721.73	268.097
4721.81	125.313
4721.91	98.8142
4722.03	90.009
4722.13	99.7009
4722.19	183.486
4722.28	109.529
4722.39	113.766
4722.48	110.619
4722.54	156.986
4722.64	113.122
4722.73	111.982
4722.84	88.968
4722.96	84.1043
4723.06	107.181
4723.13	135.685
4723.26	83.0565
4723.36	101.729
4723.46	102.145
4757.84	0.290876
4757.92	137.931
4757.97	216.92
4758.05	127.226
4758.16	93.0233
4758.24	126.263
4758.3	197.239
4758.37	141.243
4758.47	99.6016
4758.57	106.383
4758.69	85.6164
4758.82	76.5111
4758.94	87.4891
4759.03	116.144
4759.14	89.9281
4759.21	142.248
4759.3	118.906
4759.38	121.212
4759.5	89.4454
4759.61	88.8099
4759.74	86.6551
5176.02	0.0240226
5176.1	163.666
5176.19	112.36
5176.29	100.705
5176.35	192.678
5176.46	93.4579
5176.55	115.875
5176.59	212.314
5176.7	96.1538
5176.79	122.399
5176.89	98.912
5177.01	83.612
5177.07	180.505
5177.16	106.496
5177.27	99.6016
5177.36	111.982
5177.43	137.174
5177.55	88.8889
5177.66	95.1475
5177.76	99.2063
5177.89	78.8022
5439.75	0.0381889
5439.82	179.211
5439.94	88.4956
5440.02	125.156
5440.11	109.649
5440.18	149.701
5440.35	61.3121
5440.48	78.5546
5440.56	118.483
5440.64	144.928
5440.82	60.1323
5440.97	71.8907
5441.03	150.83
5441.15	91.8274
5441.25	94.6074
5441.38	80.4505
5441.52	72.4113
5441.64	85.1789
5441.69	198.413
5441.8	97.4659
5441.91	90.4977
5448.83	1.44661
5448.89	216.45
5448.93	219.78
5449.04	99.9001
5449.11	137.741
5449.23	89.9281
5449.36	74.0741
5449.46	101.523
5449.58	89.8473
5449.66	122.85
5449.72	190.84
5449.89	59.8086
5449.98	105.932
5450.1	87.8735
5450.18	130.378
5450.36	55.9284
5450.4	230.415
5450.51	99.0099
5450.6	107.527
5450.67	156.25
5450.78	94.9668
5786.73	0.0297665
5786.81	344.828
5786.89	146.843
5786.96	134.953
5787.13	60.4961
5787.18	203.252
5787.29	91.4077
5787.37	132.45
5787.47	105.82
5787.57	102.354
5787.7	74.2942
5787.82	88.2613
5787.97	69.8812
5788.07	100.604
5788.17	95.1475
5788.29	92.3361
5788.4	91.7431
5788.51	87.0322
5788.64	83.3333
5788.7	165.563
5788.82	85.3242
5795.97	1.39833
5796.11	86.8056
5796.2	111.982
5796.31	94.7867
5796.4	108.108
5796.51	95.4198
5796.61	98.8142
5796.71	105.82
5796.79	134.048
5796.89	98.3284
5797	96.1538
5797.04	221.239
5797.18	87.7963
5797.27	108.932
5797.36	113.636
5797.48	88.1057
5797.57	119.19
5797.68	88.4173
5797.8	88.4956
5797.93	79.5545
5798.14	46.8165
5805.37	1.3842
5805.48	111.857
5805.59	86.8056
5805.67	137.741
5805.82	69.0131
5805.93	88.2613
5806.02	121.655
5806.17	64.7249
5806.31	74.6269
5806.42	93.1099
5806.52	101.42
5806.66	75.1315
5806.79	77.3395
5806.9	89.6057
5806.98	135.318
5807.1	81.6993
5807.2	104.167
5807.31	92.3361
5807.41	108.696
5807.48	136.612
5807.58	102.041
6142.77	0.0298341
6142.84	186.22
6142.92	136.799
6143.09	68.2128
6143.16	134.59
6143.27	100
6143.33	163.399
6143.42	114.416
6143.52	104.712
6143.61	105.374
6143.68	150.83
6143.78	108.46
6143.86	115.34
6143.95	117.096
6144.02	145.773
6144.13	100.1
6144.2	136.986
6144.27	154.799
6144.37	96.7118
6144.49	90.9091
6144.59	98.6193
6151.64	1.41884
6151.67	432.9
6151.75	132.979
6151.86	90.9918
6151.92	172.117
6152.08	65.4022
6152.19	91.0747
6152.3	93.8086
6152.41	93.633
6152.49	121.655
6152.6	93.1099
6152.7	102.775
6152.79	120.627
6152.93	73.4754
6153	137.931
6153.2	57.8369
6153.26	157.48
6153.37	92.1659
6153.45	132.1
6153.56	96.0615
6153.69	77.9423
6161.57	1.26945
6161.64	160.256
6161.69	222.717
6161.79	100.806
6161.89	101.317
6162.01	88.4956
6162.11	103.734
6162.18	151.976
6162.26	119.76
6162.36	105.597
6162.43	144.718
6162.53	101.523
6162.63	103.093
6162.74	95.1475
6162.81	141.643
6163.01	49.8008
6163.16	71.4286
6163.23	146.413
6163.36	75.0188
6163.5	73.9645
6163.64	70.8215
6509.94	0.0288768
6510.08	83.1255
6510.2	93.3707
6510.26	158.983
6510.42	62.6959
6510.5	134.409
6510.61	104.493
6510.74	80.5153
6510.85	93.985
6511	67.4309
6511.08	134.59
6511.17	109.769
6511.27	106.157
6511.39	82.1693
6511.45	182.815
6511.57	80.6452
6511.66	116.822
6511.78	85.8369
6511.84	168.919
6511.98	74.0192
6512.12	72.7273
6519.63	1.33268
6519.7	171.233
6519.78	130.039
6519.85	145.349
6519.94	119.76
6520.01	140.845
6520.07	188.324
6520.16	105.263
6520.27	94.6074
6520.36	116.414
6520.48	86.8056
6520.62	71.7875
6520.67	219.78
6520.79	83.3333
6520.93	74.0192
6521.07	69.3963
6521.21	77.9423
6521.36	76.3942
6521.45	118.624
6521.56	93.0233
6521.68	86.0585
6528.89	1.3875
6529.03	84.1751
6529.12	112.613
6529.22	104.384
6529.31	106.496
6529.38	161.812
6529.49	92.081
6529.6	92.9368
6529.7	104.603
6529.91	47.9386
6529.96	192.308
6530.06	104.712
6530.17	90.9091
6530.26	119.048
6530.38	84.8896
6530.45	151.286
6530.54	106.724
6530.65	95.511
6530.79	71.736
6530.93	76.0456
6531.02	109.529
7638.59	0.00902882
7638.77	64.1849
7638.89	85.034
7639.03	73.3676
7639.29	39.4945
7639.47	56.6251
7639.59	82.4402
7639.66	151.286
7639.81	83.2639
7639.95	76.1035
7640.07	82.7815
7640.15	131.926
7640.26	92.8505
7640.37	90.4977
7640.46	119.904
7640.53	131.752
7640.63	110.011
7640.75	82.4402
7640.93	55.7414
7641.02	120.337
7641.11	112.994
7651.03	1.00801
7651.14	108.225
7651.19	232.558
7651.26	134.048
7651.35	112.36
7651.46	99.4036
7651.51	191.939
7651.6	108.814
7651.69	113.25
7651.79	113.122
7651.9	90.009
7651.96	166.389
7652.07	95.057
7652.18	89.2061
7652.28	101.42
7652.39	99.2063
7652.48	116.279
7652.6	85.034
7652.72	82.3045
7652.91	74.129
7653.01	107.296
7660.92	1.26454
7660.98	228.311
7661.01	369.004
7661.08	134.953
7661.14	202.02
7661.23	105.597
7661.33	100.908
7661.44	99.9001
7661.55	93.5454
7661.65	97.2763
7661.76	89.6057
7661.89	82.2368
7662	88.3392
7662.11	96.2464
7662.23	83.7521
7662.35	83.9631
7662.42	152.439
7662.55	81.4996
7662.67	81.7661
7662.82	69.6379
7663	56.2114
8021	0.0279332
8021.05	243.902
8021.09	272.48
8021.26	60.8273
8021.38	84.6024
8021.48	103.734
8021.54	173.31
8021.62	120.048
8021.72	103.199
8021.82	100.705
8021.93	106.383
8022.04	98.4252
8022.16	83.9631
8022.22	178.891
8022.33	88.2613
8022.43	107.759
8022.53	97.371
8022.59	187.266
8022.71	81.6327
8022.83	88.4173
8022.95	81.6327
8083.94	0.163974
8083.99	248.756
8084.03	296.736
8084.13	97.0874
8084.22	116.959
8084.3	134.953
8084.36	183.824
8084.44	128.205
8084.53	108.46
8084.64	95.9693
8084.75	91.0747
8084.8	189.036
8084.91	91.7431
8085.02	97.0874
8085.11	115.34
8085.21	97.6563
8085.31	110.619
8085.45	71.582
8085.52	141.844
8085.69	59.0667
8085.76	149.477
8092.66	1.449
8092.75	170.068
8092.86	93.1966
8092.95	114.155
8093.02	140.056
8093.1	128.535
8093.19	123.001
8093.3	91.1577
8093.41	94.6074
8093.54	75.358
8093.64	101.833
8093.77	79.1139
8093.89	84.1043
8094	94.7867
8094.13	77.9423
8094.24	91.5751
8094.38	75.815
8094.49	92.6784
8094.63	71.6846
8094.76	78.8644
8094.87	93.1966
8522.83	0.0233669
8522.87	313.48
8522.9	322.581
8522.98	124.378
8523.09	98.0392
8523.21	86.8056
8523.3	108.46
8523.4	102.987
8523.52	87.8735
8523.58	173.913
8523.66	125.628
8523.75	111.235
8523.86	97.371
8523.94	149.925
8524.05	96.7118
8524.14	108.46
8524.24	108.46
8524.35	93.2836
8524.4	179.533
8524.5	100.705
8524.61	102.564
8531.52	1.44691
8531.64	97.6563
8531.75	91.0747
8531.87	86.7303
8531.97	102.881
8532.03	165.563
8532.12	117.647
8532.21	110.011
8532.3	111.111
8532.36	168.35
8532.46	105.263
8532.55	120.482
8532.6	200.401
8532.72	86.5801
8532.81	109.769
8532.9	112.36
8532.95	198.807
8533.06	95.511
8533.16	100.705
8533.28	85.1789
8533.4	87.7963
8540.06	1.50247
8540.11	233.1
8540.19	123.457
8540.29	107.991
8540.42	89.1266
8540.51	107.296
8540.56	200.803
8540.71	70.2247
8540.78	136.054
8540.89	93.3707
8540.99	104.493
8541.08	112.74
8541.18	104.822
8541.23	209.644
8541.33	104.493
8541.45	79.8085
8541.55	102.459
8541.67	92.5926
8541.73	165.016
8541.83	96.8992
8541.94	99.6016
8993.5	0.0221453
8993.62	95.511
8993.73	88.8889
8993.83	102.775
8993.89	194.932
8993.99	97.561
8994.09	106.383
8994.19	102.041
8994.28	111.359
8994.36	130.378
8994.47	89.3655
8994.51	269.542
8994.62	97.2763
8994.72	99.108
8994.82	100.1
8994.9	153.374
8995.01	97.6563
8995.12	93.985
8995.24	82.1018
8995.35	95.2381
8995.39	236.407
9002.2	1.46899
9002.29	126.582
9002.4	95.511
9002.45	236.967
9002.55	96.7118
9002.64	111.732
9002.73	123.762
9002.84	91.4077
9002.95	91.7431
9003.06	92.9368
9003.15	107.875
9003.22	146.843
9003.34	91.4077
9003.43	112.613
9003.52	106.045
9003.66	76.5697
9003.76	99.3049
9003.88	85.8369
9003.95	139.86
9004.07	88.3392
9004.16	114.679
9010.93	1.47612
9010.99	226.244
9011.07	126.582
9011.18	93.7207
9011.27	114.548
9011.34	152.672
9011.45	105.152
9011.55	101.937
9011.65	100
9011.74	121.803
9011.79	205.339
9011.9	91.5751
9011.98	129.534
9012.09	91.4077
9012.2	96.8054
9012.26	154.799
9012.35	119.904
9012.47	84.317
9012.6	78.4314
9012.7	105.82
9012.82	82.9187
9653.78	0.0156016
9653.84	237.53
9653.93	113.636
9654.05	85.1064
9654.17	87.3362
9654.26	110.132
9654.33	153.374
9654.44	87.7963
9654.55	94.9668
9654.65	101.215
9654.74	114.286
9654.86	83.8223
9654.96	110.132
9655.02	153.374
9655.12	103.95
9655.24	87.0322
9655.35	93.8967
9655.46	114.679
9655.52	169.779
9655.63	92.2509
9655.72	108.932
9665.3	1.04484
9665.36	196.85
9665.44	134.771
9665.48	218.818
9665.59	100.908
9665.7	86.8056
9665.79	110.865
9665.91	86.0585
9665.99	130.89
9666.1	95.8773
9666.19	109.769
9666.25	170.94
9666.4	68.7758
9666.52	84.1043
9666.64	88.7311
9666.73	105.932
9666.85	87.4891
9666.93	133.333
9667.05	80.9717
9667.15	104.167
9667.27	85.8369
9674.75	1.33702
9674.86	116.686
9674.92	162.075
9675.02	106.496
9675.15	76.2195
9675.3	68.3527
9675.42	87.4126
9675.52	110.497
9675.67	83.682
9675.82	70.373
9675.88	163.934
9676.01	79.1766
9676.14	84.5309
9676.21	143.678
9676.33	87.7193
9676.52	54.2299
9676.66	72.0461
9676.79	78.4314
9676.92	81.6993
9677.09	58.7199
9677.25	65.7895
10110	0.0231097
10110	361.011
10110	276.243
10110.2	93.8086
10110.3	95.7854
10110.4	110.619
10110.5	111.235
10110.5	131.062
10110.6	150.602
10110.7	113.122
10110.8	112.74
10110.9	101.01
10110.9	197.628
10111	91.2409
10111.1	106.838
10111.2	96.3391
10111.4	93.633
10111.4	111.857
10111.5	123.153
10111.6	93.0233
10111.8	107.759
10118.3	1.51773
10118.4	231.481
10118.5	67.4764
10118.7	97.2763
10118.8	87.6424
10118.8	207.039
10118.9	106.157
10119	99.4036
10119.1	102.459
10119.2	99.9001
10119.3	85.9845
10119.4	119.048
10119.6	79.0514
10119.7	91.2409
10119.8	100.908
10119.9	73.2601
10120	154.321
10120.1	121.507
10120.2	72.0981
10120.3	109.409
10120.4	92.5069
10127.1	1.48524
10127.2	102.041
10127.4	94.518
10127.4	124.533
10127.6	78.3699
10127.6	273.224
10127.7	100.705
10127.8	112.994
10127.9	106.496
10128	98.1354
10128.1	117.647
10128.2	161.551
10128.3	102.564
10128.4	107.411
10128.5	105.263
10128.5	192.678
10128.6	86.8056
10128.8	53.6769
10128.9	94.9668
10129	124.533
10129.1	93.4579
11814.7	0.00593282
11814.8	131.926
11814.9	104.493
11815	77.4593
11815.1	107.411
11815.2	86.2069
11815.3	79.4281
11815.4	98.4252
11815.5	100.1
11815.6	188.324
11815.7	101.215
11815.8	105.485
11815.9	81.3008
11816	83.4028
11816.1	170.648
11816.2	100.301
11816.3	87.4891
11816.4	92.4214
11816.6	81.5661
11816.6	135.685
11816.7	86.8056
11837.9	0.473889
11838	105.708
11838.1	116.144
11838.1	141.044
11838.2	157.233
11838.3	107.527
11838.4	126.904
11838.4	164.204
11838.5	123.916
11838.6	94.3396
11838.7	95.6938
11838.8	103.627
11839	78.5546
11839.1	108.578
11839.2	98.7167
11839.2	161.551
11839.3	103.734
11839.5	84.1043
11839.5	113.25
11839.6	144.3
11839.7	109.17
11902.6	0.158949
11902.7	92.6784
11902.9	86.6551
11903	70.373
11903.2	73.5294
11903.2	121.655
11903.4	69.3001
11903.5	120.482
11903.6	90.0901
11903.7	90.7441
11903.8	101.833
11903.9	75.9878
11904	114.811
11904.1	140.056
11904.3	55.3097
11904.4	86.3558
11904.5	96.2464
11904.6	118.765
11904.7	124.844
11904.8	72.9927
11905	84.7458
12383.4	0.0209035
12383.4	316.456
12383.4	354.61
12383.5	132.802
12383.6	80
12383.7	218.341
12383.8	118.765
12383.9	93.8967
12384	103.842
12384.1	103.306
12384.2	94.8767
12384.3	80.3213
12384.4	130.719
12384.4	189.753
12384.5	120.048
12384.6	195.695
12384.7	91.5751
12384.8	114.811
12384.9	97.1817
12385	90.5797
12385.1	182.482
12391.8	1.47593
12391.9	223.214
12391.9	316.456
12392	121.212
12392.1	222.222
12392.2	122.85
12392.3	96.3391
12392.4	108.108
12392.4	151.515
12392.5	103.627
12392.6	108.46
12392.7	218.341
12392.8	98.1354
12392.9	105.932
12393	84.8896
12393	225.225
12393.2	91.8274
12393.3	106.383
12393.4	103.306
12393.4	127.877
12393.5	90.1713
12400.3	1.47536
12400.4	145.138
12400.5	170.648
12400.6	113.507
12400.7	90.8265
12400.8	105.708
12400.9	86.7303
12401	97.8474
12401.1	127.551
12401.1	143.678
12401.2	126.904
12401.3	86.2813
12401.4	103.52
12401.5	95.4198
12401.7	73.9098
12401.8	75.4717
12402	80.0641
12402.1	87.26
12402.2	96.8992
12402.3	100.402
12402.4	128.37
12831.9	0.0232801
12832	196.078
12832.1	106.157
12832.2	85.5432
12832.3	85.1064
12832.4	109.649
12832.5	156.986
12832.6	95.511
12832.7	77.6397
12832.8	106.27
12832.9	98.5222
12833	85.2515
12833.2	95.511
12833.3	85.6164
12833.4	93.0233
12833.5	139.276
12833.6	86.0585
12833.7	101.42
12833.8	95.4198
12833.9	85.2515
12834	76.9231
12841.4	1.34991
12841.6	111.235
12841.6	195.313
12841.7	95.9693
12841.8	104.058
12841.9	98.6193
12842	196.464
12842.1	86.4304
12842.3	68.5871
12842.4	80
12842.4	188.324
12842.6	88.6525
12842.7	82.1693
12842.8	105.82
12842.9	93.5454
12843	83.0565
12843.1	165.016
12843.2	102.881
12843.3	97.7517
12843.3	198.413
12843.4	90.4159
12851.1	1.31401
12851.2	95.1475
12851.3	95.8773
12851.4	95.2381
12851.4	196.078
12851.5	132.802
12851.6	104.058
12851.7	94.6074
12851.8	94.2507
12851.9	142.248
12852	81.6327
12852.2	84.317
12852.3	85.6898
12852.4	106.496
12852.5	82.9876
12852.6	95.6938
12852.7	100.503
12852.8	140.647
12852.9	89.7666
12853.1	71.0227
12853.2	111.235
13278.5	0.0235082
13278.6	240.964
13278.8	62.8931
13278.8	183.15
13278.9	103.734
13279	126.263
13279.1	123.762
13279.1	198.02
13279.2	109.649
13279.3	112.867
13279.4	164.474
13279.5	93.1099
13279.6	109.649
13279.7	125.471
13279.7	167.224
13279.8	85.3971
13280	88.6525
13280.1	96.5251
13280.2	96.432
13280.3	89.1266
13280.4	72.4638
13290.2	1.02667
13290.2	169.205
13290.3	125.156
13290.4	97.371
13290.5	123.305
13290.6	169.492
13290.7	110.132
13290.8	93.1966
13290.9	117.647
13291	93.8086
13291	203.252
13291.1	98.4252
13291.3	79.2393
13291.4	104.275
13291.5	107.643
13291.5	177.62
13291.7	64.6412
13291.8	80.7103
13291.9	78.7402
13292.1	76.1615
13292.2	79.4281
13299.3	1.41543
13299.4	102.354
13299.5	96.8992
13299.6	108.578
13299.6	207.469
13299.7	108.108
13299.8	105.932
13299.9	143.062
13300	106.61
13300.1	97.2763
13300.2	111.235
13300.3	96.432
13300.4	85.6164
13300.5	107.875
13300.6	168.35
13300.7	89.2061
13300.8	88.3392
13300.9	82.6446
13301	107.643
13301.1	79.0514
13301.2	96.2464
15023	0.00580807
15023.1	265.957
15023.2	90.8265
15023.3	90.0901
15023.4	109.89
15023.4	166.667
15023.5	95.7854
15023.6	106.27
15023.7	100.705
15023.8	227.79
15023.9	117.647
15024	82.3045
15024.1	103.95
15024.2	98.7167
15024.3	107.296
15024.4	175.439
15024.5	84.0336
15024.6	104.932
15024.7	87.7963
15024.8	103.627
15024.9	89.2857
15031.9	1.43384
15032	154.083
15032.1	107.411
15032.1	169.205
15032.2	108.342
15032.3	87.6424
15032.4	102.881
15032.5	97.7517
15032.7	79.0514
15032.8	101.42
15032.9	116.686
15033	110.988
15033.1	90.5797
15033.1	152.439
15033.3	91.7431
15033.4	76.3942
15033.5	113.25
15033.6	117.786
15033.7	120.919
15033.8	87.8735
15033.9	93.0233
15040.6	1.47992
15040.7	369.004
15040.7	325.733
15040.8	111.607
15040.9	90.9918
15041	115.34
15041.1	113.122
15041.2	110.619
15041.2	161.551
15041.4	88.968
15041.5	110.011
15041.5	169.205
15041.7	66.1376
15041.7	168.919
15041.8	103.842
15041.9	114.811
15042	175.747
15042.1	118.203
15042.2	98.5222
15042.2	152.439
15042.4	58.5138
15477.9	0.0229636
15478.1	67.4764
15478.2	70.0771
15478.3	101.833
15478.5	60.7165
15478.6	79.1139
15478.8	65.5308
15478.9	72.8332
15479.1	82.9876
15479.2	75.8725
15479.3	92.4214
15479.4	140.056
15479.5	66.8896
15479.7	72.5163
15479.8	105.82
15479.9	89.9281
15480	65.3168
15480.2	82.2368
15480.3	74.5156
15480.4	94.8767
15480.5	152.439
15491.4	0.914796
15491.5	149.701
15491.6	87.9507
15491.8	68.918
15491.9	77.4593
15492	91.2409
15492.1	110.011
15492.2	73.2601
15492.4	64.2261
15492.5	91.659
15492.6	105.932
15492.7	76.864
15492.9	48.1696
15493.1	143.472
15493.2	68.2128
15493.3	74.9064
15493.5	70.7214
15493.6	128.205
15493.7	82.5082
15493.8	104.167
15494	61.4628
15502	1.24023
15502.1	277.008
15502.2	119.474
15502.2	150.15
15502.3	121.507
15502.4	105.597
15502.5	97.8474
15502.6	105.152
15502.7	99.108
15502.8	138.696
15503	61.9963
15503.1	92.8505
15503.1	163.132
15503.3	85.3242
15503.4	91.659
15503.5	100.301
15503.6	96.1538
15503.7	86.1326
15503.8	141.844
15503.9	58.548
15504	97.8474
15938.5	0.023016
15938.6	413.223
15938.6	138.889
15938.7	168.634
15938.9	89.2857
15938.9	109.89
15939	109.051
15939.1	110.988
15939.2	198.413
15939.3	86.3558
15939.4	90.1713
15939.5	105.485
15939.6	100.705
15939.7	108.108
15939.8	117.786
15939.9	147.275
15940	99.4036
15940.1	90.2527
15940.2	118.483
15940.3	67.7966
15940.4	109.17
15980.6	0.249008
15980.6	268.817
15980.7	255.754
15980.8	122.699
15980.8	116.959
15980.9	95.2381
15981.1	94.2507
15981.2	90.6618
15981.3	122.1
15981.3	132.1
15981.4	108.108
15981.5	101.937
15981.6	103.842
15981.7	98.4252
15981.8	90.5797
15982	81.4332
15982.1	148.81
15982.1	109.529
15982.3	94.4287
15982.4	88.0282
15982.4	161.812
16045	0.159767
16045.1	119.19
16045.2	103.199
16045.3	86.9565
16045.4	100.806
16045.6	83.1947
16045.7	116.144
16045.7	189.753
16045.8	96.432
16045.9	99.8004
16046	90.009
16046.1	107.181
16046.2	98.2318
16046.4	76.9231
16046.5	76.3942
16046.6	108.696
16046.7	105.82
16046.7	187.266
16046.9	92.3361
16046.9	143.885
16047.1	54.8847
17030.3	0.0101705
17030.5	125.313
17030.6	110.375
17030.7	81.9001
17030.8	85.3242
17030.9	86.8056
17031	117.786
17031.2	78.7402
17031.3	71.0227
17031.4	71.0732
17031.6	62.1118
17031.8	73.3676
17031.9	90.3342
17032	66.6223
17032.1	118.064
17032.3	61.1995
17032.3	155.039
17032.4	107.181
17032.5	91.659
17032.6	236.967
17032.7	92.081
17041.2	1.17398
17041.3	187.266
17041.4	97.6563
17041.5	84.1043
17041.6	96.5251
17041.8	61.0874
17041.9	81.5661
17042	85.2515
17042.1	162.075
17042.2	117.509
17042.3	98.6193
17042.3	158.73
17042.5	95.4198
17042.6	75.4148
17042.7	105.263
17042.8	81.4332
17042.9	209.205
17043	113.122
17043.1	68.9655
17043.2	97.561
17043.3	89.8473
17051.3	1.26349
17051.3	247.525
17051.4	97.9432
17051.5	191.205
17051.6	83.8926
17051.7	96.3391
17051.8	110.742
17051.9	123.916
17052	88.3392
17052.1	118.624
17052.1	145.349
17052.2	101.729
17052.3	108.932
17052.4	242.718
17052.5	104.932
17052.6	120.919
17052.7	120.482
17052.8	88.6525
17052.9	84.317
17053	63.6537
17053.2	81.5661
18249.9	0.00835613
18250	129.87
18250.2	46.3392
18250.3	127.877
18250.4	103.842
18250.5	105.932
18250.6	110.497
18250.7	172.414
18250.8	100.2
18250.9	110.375
18251	90.4159
18251.1	120.048
18251.2	112.994
18251.2	132.802
18251.3	93.3707
18251.5	89.2857
18251.6	88.3392
18251.7	99.4036
18251.8	92.2509
18251.9	91.3242
18252	89.8473
18259.2	1.38947
18259.3	214.133
18259.3	364.964
18259.4	136.986
18259.5	89.6861
18259.6	85.3242
18259.7	124.378
18259.8	125
18259.9	88.2613
18260	99.3049
18260.1	87.7963
18260.2	145.56
18260.3	104.384
18260.4	87.26
18260.5	111.857
18260.6	90.2527
18260.7	91.0747
18260.8	94.4287
18260.9	125.313
18261	119.048
18261.1	82.5082
18268.5	1.34751
18268.6	160.772
18268.7	173.31
18268.8	97.371
18268.9	115.473
18269	121.803
18269.1	98.2318
18269.2	112.233
18269.2	169.779
18269.3	92.5069
18269.4	98.8142
18269.5	104.603
18269.6	114.943
18269.7	145.985
18269.8	90.9091
18270	62.5782
18270.1	72.9395
18270.2	156.006
18270.3	103.842
18270.4	92.4214
18270.5	108.696
18689.9	0.0238394
18690	277.778
18690	361.011
18690.1	88.0282
18690.2	109.649
18690.3	98.0392
18690.5	93.985
18690.5	110.988
18690.7	90.4977
18690.8	104.712
18690.8	199.601
18690.9	84.8896
18691	104.275
18691.1	100.301
18691.2	105.597
18691.3	210.526
18691.4	89.5255
18691.5	97.9432
18691.6	109.769
18691.7	189.753
18691.8	93.0233
18698.8	1.43207
18698.9	83.612
18699	130.208
18699.1	90.4977
18699.1	138.122
18699.2	168.35
18699.3	111.483
18699.4	105.708
18699.5	110.988
18699.6	164.204
18699.7	64.4745
18699.8	90.9091
18699.9	131.579
18700	90.7441
18700.1	94.0734
18700.2	81.9001
18700.3	105.708
18700.4	120.192
18700.5	144.3
18700.6	105.263
18700.7	95.2381
18707.5	1.47693
18707.5	295.858
18707.6	389.105
18707.7	106.045
18707.8	107.527
18707.8	127.226
18707.9	172.414
18708	121.507
18708.1	97.8474
18708.2	92.7644
18708.3	86.2813
18708.4	114.286
18708.5	80.0641
18708.6	218.341
18708.7	107.991
18708.8	81.4332
18708.9	85.5432
18709	99.2063
18709.2	76.4526
18709.3	71.8391
18709.4	91.5751
19127.8	0.023899
19127.9	148.588
19128	109.769
19128.1	86.7303
19128.3	72.2022
19128.4	70.373
19128.5	96.8992
19128.6	94.2507
19128.7	94.8767
19128.8	158.983
19128.9	87.8735
19129.1	75.7576
19129.2	88.7311
19129.3	88.6525
19129.4	86.2069
19129.5	86.4304
19129.7	66.8003
19129.8	108.814
19129.9	129.702
19130	95.9693
19130.1	82.7815
19137.5	1.36053
19137.6	110.988
19137.7	96.432
19137.8	79.6178
19137.9	128.205
19138	93.3707
19138.1	101.317
19138.2	97.9432
19138.3	94.2507
19138.4	132.45
19138.5	90.9091
19138.6	63.2111
19138.8	82.3045
19138.9	126.743
19139	95.057
19139.1	96.9932
19139.2	80.2568
19139.3	89.2061
19139.4	94.518
19139.5	156.986
19139.6	101.112
19146.3	1.48624
19146.4	110.254
19146.5	103.306
19146.6	91.2409
19146.7	118.906
19146.8	163.934
19146.9	101.523
19147	95.8773
19147.1	96.0615
19147.2	87.26
19147.3	98.1354
19147.4	85.4701
19147.5	97.8474
19147.6	180.505
19147.7	89.6057
19147.8	99.6016
19147.9	84.8176
19148.1	89.3655
19148.2	93.5454
19148.3	61.7665
19148.4	95.6023
19573.4	0.0235316
19573.5	123.001
19573.6	99.5025
19573.6	196.464
19573.7	103.95
19573.8	101.833
19573.9	116.009
19574	94.518
19574.1	217.391
19574.2	89.6861
19574.3	119.904
19574.4	93.0233
19574.5	155.039
19574.6	81.6327
19574.7	90.9091
19574.8	100.301
19574.9	103.842
19575	160.772
19575.1	90.0901
19575.2	83.1255
19575.3	95.6023
19582.3	1.44184
19582.3	138.696
19582.5	88.1834
19582.6	88.6525
19582.6	162.866
19582.7	97.8474
19582.8	109.17
19582.9	139.47
19583	136.24
19583.1	90.9091
19583.3	51.0986
19583.4	82.85
19583.6	69.8812
19583.7	81.4332
19583.8	88.968
19583.9	78.0031
19584	159.744
19584.1	93.1099
19584.3	68.5401
19584.4	77.5194
19584.5	90.0901
19591.2	1.49835
19591.3	107.411
19591.4	94.2507
19591.5	122.549
19591.6	99.5025
19591.7	154.56
19591.8	103.306
19591.9	107.991
19591.9	190.476
19592	93.633
19592.1	113.507
19592.2	89.6861
19592.3	83.0565
19592.5	81.9001
19592.6	67.1592
19592.8	67.7507
19592.9	85.4701
19593	95.7854
19593.1	88.3392
19593.2	77.3395
19593.3	139.276
20011.6	0.0239084
20011.6	304.878
20011.7	145.138
20011.8	150.15
20011.9	85.7633
20012	120.337
20012.1	90.6618
20012.2	69.1085
20012.4	89.3655
20012.4	106.157
20012.6	76.4526
20012.7	140.252
20012.8	106.838
20012.9	92.3361
20013	102.775
20013	184.162
20013.1	78.125
20013.2	103.413
20013.3	147.929
20013.4	100.908
20013.5	96.8992
20020.3	1.48929
20020.4	101.112
20020.5	93.3707
20020.6	80.0641
20020.7	75.1315
20020.8	94.8767
20021	94.3396
20021	112.108
20021.2	80.6452
20021.2	144.3
20021.3	109.649
20021.4	99.2063
20021.6	88.1057
20021.6	169.492
20021.7	105.152
20021.8	78.3085
20022	92.081
20022.1	82.7815
20022.2	136.986
20022.3	72.4113
20022.5	53.1915
20029.1	1.51876
20029.2	107.066
20029.2	249.377
20029.3	87.7193
20029.4	121.212
20029.5	102.881
20029.6	167.504
20029.7	123.609
20029.8	105.485
20029.8	152.672
20030	83.0565
20030.1	82.1018
20030.2	99.7009
20030.3	70.373
20030.5	82.85
20030.6	78.3699
20030.7	98.7167
20030.8	97.1817
20031	64.1437
20031.1	83.4028
20031.2	76.3942
20951.5	0.0108661
20951.5	299.401
20951.6	120.919
20951.7	186.22
20951.8	97.6563
20951.9	103.093
20952	78.1861
20952.1	93.8967
20952.2	99.9001
20952.3	92.3361
20952.5	94.4287
20952.6	102.564
20952.7	84.8176
20952.8	79.4913
20953	53.8213
20953.1	79.0514
20953.2	102.669
20953.3	89.2061
20953.4	103.842
20953.6	76.5697
20953.7	79.6813
20960.3	1.52024
20960.4	106.61
20960.5	77.6397
20960.6	100.2
20960.7	105.485
20960.8	85.6898
20960.9	174.52
20961	86.0585
20961.1	84.1043
20961.3	58.7199
20961.4	159.744
20961.5	96.2464
20961.6	94.3396
20961.7	93.985
20961.8	145.773
20961.9	81.0373
20962	100.604
20962.1	91.4077
20962.2	189.753
20962.3	75.4148
20962.4	83.3333
20969.1	1.49564
20969.2	229.885
20969.3	90.1713
20969.4	83.1947
20969.5	91.5751
20969.6	97.371
20969.7	105.485
20969.8	127.714
20969.9	85.1064
20970	95.8773
20970.1	113.25
20970.3	87.3362
20970.4	70.8215
20970.5	79.3651
20970.7	72.7273
20971	30.5998
20971.2	61.5764
20971.3	92.081
20971.4	60.423
20971.6	66.0066
20971.7	72.8863
21399.9	0.023356
21399.9	369.004
21400	91.5751
21400.2	87.0322
21400.3	102.249
21400.4	109.29
21400.5	91.9963
21400.5	161.031
21400.7	82.7815
21400.8	104.822
21400.9	92.081
21401	80.1925
21401.1	92.5069
21401.2	81.9001
21401.3	170.648
21401.4	82.9187
21401.5	85.3971
21401.7	80.9717
21401.8	90.7441
21401.9	90.4977
21402	81.8331
21409	1.42619
21409.1	338.983
21409.1	371.747
21409.2	109.051
21409.3	112.486
21409.4	160.772
21409.5	59.312
21409.7	58.8582
21409.9	54.2888
21410	107.296
21410.1	65.6599
21410.3	76.6284
21410.4	67.4309
21410.6	69.8324
21410.7	79.1139
21410.8	81.4332
21411	71.1744
21411	154.56
21411.2	82.5082
21411.3	81.6327
21411.4	86.5052
21418.4	1.42487
21418.5	210.526
21418.5	254.453
21418.7	73.4214
21418.8	90.4977
21418.9	96.9932
21418.9	154.56
21419.1	87.184
21419.2	88.8099
21419.3	71.736
21419.5	64.7249
21419.6	88.968
21419.7	92.5926
21419.8	80.5802
21419.9	210.97
21420	89.2061
21420.1	94.2507
21420.2	88.4173
21420.3	89.6861
21420.5	72.3589
21420.5	189.753
22690.4	0.00787479
22690.5	132.45
22690.6	87.3362
22690.7	80.7103
22690.9	91.0747
22691	104.822
22691	193.424
22691.1	109.051
22691.2	107.875
22691.3	109.409
22691.4	79.2393
22691.6	72.6744
22691.7	81.7661
22691.8	158.983
22691.8	108.225
22691.9	105.932
22692	154.321
22692.1	79.8722
22692.2	99.7009
22692.4	87.9507
22692.5	89.6057
22698.9	1.55422
22698.9	301.205
22699	114.943
22699.1	106.61
22699.2	132.1
22699.3	92.081
22699.4	96.0615
22699.6	77.3395
22699.7	111.732
22699.8	98.8142
22699.8	168.919
22700	78.5546
22700.1	87.26
22700.2	86.2069
22700.3	81.7661
22700.5	79.3021
22700.6	84.0336
22700.7	74.7384
22700.8	76.5111
22701	77.5795
22701.1	64.433
22707.5	1.5657
22707.6	95.1475
22707.8	59.9161
22707.9	145.985
22708	122.399
22708.1	90.9091
22708.2	86.2069
22708.3	165.289
22708.4	77.7001
22708.5	92.081
22708.6	67.3854
22708.8	93.1966
22708.9	103.734
22709	88.4173
22709	198.02
22709.1	91.659
22709.3	67.0241
22709.4	83.612
22709.5	86.5052
22709.6	145.773
22709.7	75.0751
23133.6	0.0235956
23133.6	432.9
23133.7	143.266
23133.8	81.6993
23133.9	95.6938
23134	68.7285
23134.2	83.7521
23134.3	80.0641
23134.4	99.5025
23134.5	104.493
23134.6	88.2613
23134.7	124.533
23134.8	92.4214
23134.9	101.42
23135	104.493
23135.1	144.3
23135.2	80.5153
23135.3	99.0099
23135.4	105.374
23135.5	118.483
23135.6	95.4198
23142.8	1.38021
23142.9	277.778
23142.9	307.692
23143	87.8735
23143.2	84.3882
23143.3	93.0233
23143.4	93.985
23143.5	97.8474
23143.6	101.112
23143.7	73.692
23143.8	93.633
23143.9	99.5025
23144	109.17
23144.1	118.483
23144.3	82.6446
23144.4	96.3391
23144.5	83.4028
23144.6	73.692
23144.7	118.624
23144.8	109.769
23144.9	70.8215
23151.6	1.5072
23151.6	328.947
23151.7	134.228
23151.8	93.0233
23151.8	250.627
23152	73.046
23152.1	106.27
23152.2	81.3008
23152.3	74.239
23152.4	102.145
23152.6	75.188
23152.7	88.2613
23152.8	70.5219
23153	82.9876
23153.1	91.0747
23153.1	189.036
23153.2	92.3361
23153.3	94.162
23153.5	71.582
23153.6	82.6446
23153.7	90.8265
23653.2	0.0200214
23653.3	136.799
23653.4	85.3971
23653.5	101.317
23653.6	170.648
23653.7	101.112
23653.8	123.153
23653.8	172.712
23653.9	99.7009
23654	114.943
23654.1	90.3342
23654.2	149.254
23654.3	84.3882
23654.4	85.7633
23654.5	88.6525
23654.6	126.103
23654.7	153.61
23654.8	87.3362
23654.9	89.2061
23655.1	83.2639
23655.1	198.02
23661.9	1.46421
23662	312.5
23662.1	130.039
23662.2	96.7118
23662.2	151.976
23662.3	87.0322
23662.5	93.633
23662.6	90.3342
23662.7	102.669
23662.7	137.174
23662.8	112.108
23663	85.9107
23663.1	79.7448
23663.3	61.9195
23663.4	104.384
23663.5	98.4252
23663.6	63.2111
23663.8	74.8503
23663.9	112.108
23663.9	144.718
23664.1	79.3021
23670.6	1.52865
23670.7	233.1
23670.7	114.943
23670.8	94.518
23670.9	173.01
23671	107.411
23671.1	96.6184
23671.2	105.152
23671.3	148.81
23671.4	97.9432
23671.5	96.5251
23671.7	61.0128
23671.7	232.019
23671.9	58.7199
23672	75.9301
23672.1	82.3045
23672.2	87.184
23672.4	91.9963
23672.5	81.3008
23672.6	136.426
23672.7	92.9368
24174.1	0.0199417
24174.2	138.696
24174.4	83.4725
24174.5	103.093
24174.5	156.495
24174.6	101.937
24174.7	97.561
24174.8	101.01
24174.9	92.1659
24175.1	78.064
24175.1	243.902
24175.2	102.669
24175.4	71.2251
24175.5	84.0336
24175.6	85.7633
24175.7	98.6193
24175.8	75.0751
24176	84.3882
24176	162.866
24176.2	77.5194
24176.3	58.3771
24184.9	1.16814
24185	109.051
24185.1	75.2445
24185.2	100.908
24185.3	90.7441
24185.5	78.5546
24185.6	81.7661
24185.7	84.9618
24185.8	78.6163
24186	79.8085
24186.1	99.3049
24186.1	182.149
24186.3	76.9231
24186.4	107.527
24186.5	92.5926
24186.6	75.815
24186.7	94.0734
24186.8	130.89
24186.9	99.6016
24187	72.2022
24187.2	88.0282
24194	1.45983
24194.1	95.6938
24194.2	103.52
24194.4	81.367
24194.5	77.9423
24194.6	108.342
24194.6	208.768
24194.7	94.697
24194.9	68.8231
24195	109.29
24195.1	78.3699
24195.2	86.2069
24195.3	155.279
24195.4	84.1751
24195.5	110.865
24195.6	107.066
24195.7	117.786
24195.8	81.9001
24195.9	85.6164
24196.1	72.7273
24196.2	78.6163
25023.1	0.0120929
25023.2	357.143
25023.2	285.714
25023.4	65.0195
25023.5	129.87
25023.6	93.8967
25023.7	113.379
25023.8	85.1789
25023.9	103.413
25024	129.702
25024.1	84.9618
25024.2	94.9668
25024.3	72.7273
25024.5	61.7665
25024.6	146.413
25024.7	104.275
25024.8	75.8725
25024.9	91.659
25025	141.243
25025.1	106.045
25025.2	84.8176
25031.8	1.50946
25031.9	265.957
25031.9	209.644
25032	83.8223
25032.2	84.317
25032.3	113.25
25032.4	81.9001
25032.5	95.2381
25032.6	92.1659
25032.7	84.1043
25032.8	100.301
25032.9	118.765
25033	92.4214
25033.2	71.4796
25033.3	106.724
25033.4	64.1849
25033.6	81.6327
25033.8	50.6842
25033.9	94.9668
25034	67.5219
25034.1	84.246
25040.7	1.5348
25040.8	102.881
25040.9	75.4148
25041	97.6563
25041.1	92.3361
25041.2	222.717
25041.3	89.7666
25041.4	101.523
25041.5	90.1713
25041.6	72.7802
25041.8	86.2813
25041.9	73.692
25042	81.3008
25042.1	105.82
25042.2	85.7633
25042.3	125.156
25042.4	117.233
25042.5	81.8331
25042.7	76.8049
25042.7	179.533
25042.8	82.5764
25549	0.0197555
25549.1	314.465
25549.2	93.3707
25549.3	109.89
25549.4	77.101
25549.5	147.059
25549.6	73.0994
25549.8	74.0192
25549.9	113.766
25549.9	140.845
25550	89.6057
25550.2	77.9423
25550.3	87.5657
25550.4	92.3361
25550.6	60.423
25550.7	80.9717
25550.8	84.674
25550.9	158.479
25551	79.4913
25551.1	86.7303
25551.2	212.766
25558.3	1.40355
25558.4	112.74
25558.5	79.2393
25558.6	94.8767
25558.8	68.8231
25558.9	74.239
25559	94.697
25559.1	101.937
25559.2	99.108
25559.4	88.1057
25559.5	63.2911
25559.6	109.769
25559.7	119.617
25559.8	102.354
25559.9	78.9889
25560	116.279
25560.1	124.844
25560.2	93.985
25560.3	77.5795
25560.5	84.674
25560.6	76.864
25567.7	1.41305
25567.8	81.6327
25567.9	96.7118
25568	111.732
25568.1	201.207
25568.2	91.0747
25568.3	88.1834
25568.4	94.9668
25568.5	104.058
25568.6	104.275
25568.7	125.945
25568.8	86.4304
25568.9	100.301
25569	91.8274
25569.1	85.7633
25569.2	146.199
25569.3	81.367
25569.4	84.8896
25569.6	67.8887
25569.7	73.6377
25569.9	74.5156
28456.5	0.0034643
28456.5	235.294
28456.5	352.113
28456.6	112.233
28456.8	90.9918
28456.9	98.4252
28457	92.5069
28457.1	88.968
28457.1	189.753
28457.3	100.908
28457.3	104.822
28457.4	139.082
28457.6	81.9001
28457.7	56.9476
28457.9	70.1754
28458	73.1529
28458.1	76.4526
28458.3	91.2409
28458.4	99.2063
28458.4	115.075
28458.6	84.674
28468.2	1.04219
28468.2	377.358
28468.3	119.76
28468.4	102.249
28468.5	83.7521
28468.7	69.3001
28468.8	97.561
28468.8	148.148
28469	55.5864
28469.2	71.9942
28469.3	93.2836
28469.4	96.8992
28469.4	129.534
28469.6	85.3971
28469.7	95.4198
28469.8	76.3359
28470	65.9196
28470.1	81.4996
28470.2	83.1255
28470.3	105.82
28470.4	75.2445
28540.4	0.143015
28540.5	93.2836
28540.6	95.057
28540.7	115.473
28540.8	113.379
28540.9	90.5797
28541	112.867
28541.1	84.3882
28541.2	114.155
28541.4	68.5401
28541.4	138.122
28541.6	66.357
28541.7	74.0741
28541.9	71.1744
28542	151.745
28542.1	77.5194
28542.2	81.9672
28542.3	118.343
28542.4	80.2568
28542.5	230.947
28542.6	84.674
29103.3	0.0178355
29103.3	160.256
29103.5	76.5697
29103.5	191.571
29103.6	95.511
29103.7	102.987
29103.9	84.3882
29104	93.8086
29104.1	109.769
29104.2	90.4977
29104.3	76.0456
29104.4	88.4956
29104.5	116.009
29104.6	114.679
29104.7	94.697
29104.8	83.2639
29104.9	160.514
29105	83.7521
29105.2	81.2348
29105.3	103.52
29105.4	75.0751
29130.9	0.392727
29130.9	260.417
29131	112.486
29131.1	97.371
29131.2	94.4287
29131.3	161.031
29131.4	103.306
29131.5	84.5309
29131.6	94.2507
29131.7	104.932
29131.8	160
29131.9	81.6993
29132	100.908
29132.1	83.4028
29132.2	73.3676
29132.4	85.2515
29132.5	80.5802
29132.6	72.8332
29132.8	86.7303
29132.9	94.162
29133	105.597
29139.5	1.52346
29139.6	257.069
29139.7	117.509
29139.8	90.6618
29139.9	101.937
29140	132.802
29140.1	84.7458
29140.2	93.985
29140.3	101.112
29140.4	174.825
29140.4	120.482
29140.6	90.2527
29140.6	256.41
29140.7	76.0456
29140.9	53.5619
29141	147.493
29141.2	48.8759
29141.3	82.9187
29141.4	123.153
29141.5	78.9266
29141.6	99.2063
29645	0.0198648
29645.1	202.84
29645.2	90.009
29645.3	110.988
29645.4	96.0615
29645.5	210.084
29645.6	99.108
29645.7	94.0734
29645.8	103.627
29645.9	105.708
29646	118.343
29646.1	80.8407
29646.2	90.5797
29646.3	95.1475
29646.4	89.6861
29646.5	97.561
29646.6	118.906
29646.7	94.3396
29646.9	71.3267
29647	92.4214
29647.1	105.82
29653.8	1.48199
29653.9	319.489
29654	110.497
29654.1	97.6563
29654.2	101.626
29654.3	83.1255
29654.4	152.672
29654.5	88.7311
29654.7	55.6483
29654.8	68.7285
29654.9	88.8889
29655	96.0615
29655.1	165.016
29655.2	103.842
29655.3	115.34
29655.4	133.869
29655.5	93.985
29655.6	77.7001
29655.7	102.249
29655.8	152.905
29655.9	99.6016
29662.6	1.49229
29662.6	238.663
29662.7	359.712
29662.8	106.952
29662.9	72.8332
29663.1	54.7945
29663.2	84.6024
29663.3	93.1099
29663.4	144.928
29663.5	83.1947
29663.6	96.2464
29663.7	94.0734
29663.8	181.818
29663.9	93.8967
29664	106.952
29664.1	74.8503
29664.2	103.842
29664.4	73.5294
29664.5	67.659
29664.6	130.378
29664.7	95.1475
31030.8	0.00732022
31030.8	344.828
31030.9	131.752
31031	88.6525
31031.1	83.8223
31031.3	72.3589
31031.4	110.254
31031.5	94.697
31031.5	189.036
31031.7	57.5374
31031.8	127.714
31031.9	83.1947
31032	79.6813
31032.2	56.7859
31032.4	74.239
31032.5	80.1282
31032.7	65.7895
31032.8	91.5751
31032.9	77.7605
31033	84.9618
31033.2	78.4929
31039.9	1.48071
31040	143.472
31040.1	92.9368
31040.2	100.604
31040.3	140.252
31040.4	59.988
31040.5	102.669
31040.6	131.062
31040.8	58.7199
31040.9	86.9565
31041	77.3994
31041.1	97.0874
31041.2	148.588
31041.3	77.9423
31041.5	65.9631
31041.7	57.5705
31041.9	50.1002
31042	128.205
31042.1	64.8088
31042.2	106.952
31042.3	103.306
31050.6	1.19947
31050.7	124.533
31050.8	286.533
31051	57.9039
31051.1	62.383
31051.3	69.7837
31051.4	60.35
31051.6	90.009
31051.7	74.2942
31051.8	98.0392
31051.9	87.108
31052	139.665
31052.1	82.85
31052.3	61.6523
31052.4	78.2473
31052.5	155.763
31052.7	52.1921
31052.8	71.2251
31053	48.2625
31053.2	46.1255
31053.4	82.9876
31670.1	0.016215
31670.2	120.482
31670.2	145.773
31670.3	103.306
31670.5	92.8505
31670.6	78.3085
31670.7	125.628
31670.8	99.5025
31670.9	98.5222
31670.9	164.745
31671	109.409
31671.2	84.317
31671.3	96.8992
31671.3	151.976
31671.5	81.9672
31671.6	89.9281
31671.7	84.1043
31671.8	70.8717
31672	73.8007
31672.2	60.6796
31672.3	74.4048
31679	1.49925
31679.1	105.932
31679.2	109.769
31679.3	95.1475
31679.3	149.925
31679.5	82.6446
31679.6	61.0128
31679.7	84.246
31679.8	204.918
31679.9	76.864
31680.1	81.3008
31680.2	88.1057
31680.3	89.1266
31680.4	70.373
31680.5	101.937
31680.7	83.612
31680.8	61.8429
31680.9	87.6424
31681	86.2813
31681.2	78.3085
31681.2	152.207
31688	1.4743
31688.1	303.951
31688.3	57.5705
31688.4	67.5676
31688.5	105.932
31688.6	186.22
31688.7	94.2507
31688.8	83.2639
31688.9	84.6024
31689	100.705
31689.2	85.4701
31689.2	198.807
31689.3	80.5153
31689.4	90.9091
31689.6	96.1538
31689.7	79.4913
31689.8	98.4252
31689.9	125.313
31690	100.2
31690.1	83.3333
31690.2	80.7754
32198.3	0.0196804
32198.4	116.414
32198.5	93.1099
32198.6	110.497
32198.7	181.159
32198.8	80.5153
32198.9	107.875
32199	80.8407
32199.2	88.3392
32199.3	110.254
32199.3	166.113
32199.4	87.3362
32199.5	94.162
32199.7	74.7384
32199.8	76.1035
32199.9	92.9368
32200	98.912
32200.1	82.5764
32200.3	78.125
32200.4	87.0322
32200.5	79.6178
32207.4	1.45281
32207.5	98.4252
32207.6	92.3361
32207.8	80
32207.9	108.225
32208	80.9717
32208.1	103.306
32208.2	166.113
32208.3	93.8967
32208.4	84.317
32208.5	80.7754
32208.6	107.296
32208.7	88.0282
32208.8	90.5797
32209	74.0741
32209	138.504
32209.1	99.4036
32209.2	116.55
32209.3	120.627
32209.4	87.108
32209.5	97.371
32216.1	1.53655
32216.1	271.003
32216.1	350.877
32216.2	94.0734
32216.4	89.6861
32216.5	76.6284
32216.6	100.1
32216.8	51.2821
32216.9	139.47
32217	96.6184
32217.1	83.2639
32217.2	89.6861
32217.3	104.275
32217.4	217.865
32217.5	93.5454
32217.5	184.162
32217.6	88.1834
32217.8	70.9723
32217.9	78.6163
32218	83.7521
32218.2	89.6057
33159.2	0.0106263
33159.3	259.067
33159.4	100.604
33159.5	95.6023
33159.5	216.92
33159.6	101.215
33159.7	90.6618
33159.9	84.674
33160	97.1817
33160	181.488
33160.1	99.0099
33160.2	101.112
33160.3	92.1659
33160.4	90.7441
33160.6	96.432
33160.6	156.495
33160.7	92.1659
33160.9	76.6871
33161	86.5801
33161.1	95.3289
33161.2	118.343
33219.4	0.171623
33219.5	130.378
33219.6	112.108
33219.7	165.016
33219.8	117.509
33219.9	87.0322
33220	83.1255
33220.1	102.669
33220.2	94.8767
33220.3	155.039
33220.4	114.416
33220.4	182.482
33220.6	76.9823
33220.7	70.1754
33220.9	79.8085
33221	75.4717
33221.1	76.1035
33221.2	124.069
33221.3	178.891
33221.4	80.7103
33221.5	65.6599
33285.3	0.156888
33285.4	137.174
33285.6	38.2848
33285.8	83.1947
33285.8	219.298
33285.9	80.1282
33286	92.1659
33286.2	83.1947
33286.3	111.111
33286.4	86.2069
33286.4	187.617
33286.5	88.1834
33286.6	101.833
33286.8	98.8142
33286.9	77.4593
33287	101.626
33287.1	72.5163
33287.2	128.37
33287.3	89.2061
33287.5	76.6284
33287.6	94.4287
33792.8	0.0197929
33792.9	240.964
33792.9	131.234
33793	113.636
33793.1	140.056
33793.2	132.979
33793.3	76.2777
33793.4	109.051
33793.5	108.225
33793.6	105.485
33793.7	196.464
33793.7	114.416
33793.8	207.469
33793.9	94.8767
33794	110.619
33794.1	87.108
33794.2	79.7448
33794.4	81.6993
33794.5	76.1615
33794.6	91.8274
33794.7	82.9187
33803.4	1.1514
33803.5	296.736
33803.5	121.951
33803.7	92.4214
33803.8	101.42
33803.9	97.7517
33803.9	147.275
33804	101.833
33804.2	56.1798
33804.3	127.389
33804.4	106.952
33804.5	116.414
33804.6	91.8274
33804.7	116.009
33804.9	58.2411
33804.9	137.931
33805.1	89.2857
33805.2	79.6813
33805.4	56.0224
33805.5	67.7966
33805.6	135.318
34926.2	0.00892373
34926.3	117.509
34926.4	76.5111
34926.5	115.875
34926.6	105.374
34926.7	151.286
34926.8	100.908
34926.9	74.5156
34927.1	57.8035
34927.2	126.422
34927.3	117.509
34927.4	95.3289
34927.5	87.6424
34927.6	149.701
34927.7	107.066
34927.8	80.9717
34927.9	78.7402
34928	87.0322
34928.2	88.1834
34928.2	134.953
34928.4	80.7103
35437	0.0196602
35437.1	172.712
35437.2	59.3824
35437.4	85.7633
35437.4	175.131
35437.5	95.7854
35437.6	98.6193
35437.8	86.3558
35437.9	102.881
35437.9	115.607
35438.1	72.1501
35438.2	108.578
35438.3	89.2061
35438.4	83.3333
35438.5	77.101
35438.7	82.5764
35438.8	73.2064
35438.9	82.1018
35439	90.3342
35439.2	75.2445
35439.2	159.236
35445.9	1.49907
35446	128.041
35446.1	200
35446.2	97.371
35446.3	101.42
35446.4	91.3242
35446.5	109.051
35446.5	161.551
35446.7	93.633
35446.8	104.493
35446.9	101.215
35447	93.8967
35447	150.83
35447.2	82.9187
35447.3	98.5222
35447.4	78.5546
35447.5	81.367
35447.6	82.713
35447.7	145.138
35447.8	98.6193
35447.9	79.4281
35454.5	1.53586
35454.5	364.964
35454.6	112.613
35454.7	108.814
35454.7	180.18
35454.9	85.9845
35455	62.0732
35455.2	70.2741
35455.2	157.729
35455.4	81.4332
35455.5	108.814
35455.6	102.145
35455.7	86.6551
35455.8	81.5661
35455.9	140.449
35456.1	54.407
35456.1	143.266
35456.3	52.2193
35456.4	86.3558
35456.5	122.1
35456.7	88.6525
35962.3	0.0197786
35962.3	293.255
35962.4	106.724
35962.5	112.36
35962.6	98.1354
35962.7	153.61
35962.8	99.8004
35962.9	79.3021
35963.1	53.2481
35963.2	96.5251
35963.2	150.83
35963.4	103.842
35963.5	73.7463
35963.6	76.3942
35963.7	103.52
35963.8	86.6551
35964	87.5657
35964.1	81.367
35964.2	132.45
35964.3	104.275
35964.4	74.7384
35972.9	1.17754
35972.9	429.185
35973.1	76.3942
35973.3	49.6771
35973.4	84.8176
35973.5	78.4929
35973.6	94.4287
35973.7	180.832
35973.8	89.7666
35973.9	92.6784
35974.1	65.445
35974.1	133.333
35974.3	77.1605
35974.4	76.9823
35974.6	75.7576
35974.7	83.3333
35974.8	82.5082
35974.9	77.1605
35975.1	79.0514
35975.3	43.1034
35975.4	66.8003
35982.2	1.49009
35982.3	87.108
35982.4	114.155
35982.5	109.649
35982.6	88.6525
35982.7	86.5801
35982.8	149.031
35982.9	118.203
35983	101.01
35983	180.505
35983.1	88.0282
35983.2	91.7431
35983.4	94.162
35983.5	90.2527
35983.6	90.5797
35983.6	149.031
35983.8	86.5052
35983.9	92.081
35984	72.5163
35984.1	81.0373
35984.3	70.373
36496.5	0.0195222
36496.6	298.507
36496.6	338.983
36496.7	120.627
36496.8	85.2515
36496.9	90.5797
36497	189.394
36497.1	89.3655
36497.2	100.402
36497.3	94.697
36497.4	80.0641
36497.6	86.5052
36497.7	83.5422
36497.8	94.7867
36497.9	86.1326
36498	128.535
36498.1	99.2063
36498.2	75.7576
36498.4	75.358
36498.5	81.4332
36498.6	69.0131
36505.9	1.37548
36505.9	324.675
36506.1	95.7854
36506.1	115.875
36506.3	87.108
36506.3	153.139
36506.4	94.2507
36506.5	119.617
36506.6	101.112
36506.8	62.383
36506.9	97.2763
36507	153.139
36507.1	86.1326
36507.2	107.296
36507.3	74.3494
36507.4	154.799
36507.5	87.7193
36507.6	86.9565
36507.7	98.4252
36507.9	64.0615
36508	87.7193
36515.1	1.40105
36515.2	271.739
36515.3	104.384
36515.4	94.6074
36515.5	86.8056
36515.6	98.0392
36515.7	142.653
36515.8	109.649
36515.9	105.932
36515.9	194.932
36516	103.413
36516.1	90.9091
36516.2	152.439
36516.3	81.4996
36516.4	88.968
36516.5	106.045
36516.7	84.1751
36516.8	115.607
36516.9	97.561
36517	85.1064
36517.1	99.2063
37128.8	0.0163479
37128.8	205.761
37129	97.371
37129.1	80.8407
37129.3	52.5762
37129.4	147.059
37129.5	90.4977
37129.6	87.3362
37129.7	77.2798
37129.8	135.135
37129.9	74.184
37130.1	65.8761
37130.2	63.0517
37130.4	86.3558
37130.5	70.8717
37130.6	89.8473
37130.8	62.1118
37130.9	66.9792
37131.1	85.2515
37131.2	73.1529
37131.4	59.0667
37141.8	0.964162
37141.8	281.69
37141.8	236.967
37142	86.0585
37142.1	97.4659
37142.2	76.1615
37142.3	147.059
37142.4	73.046
37142.6	75.0751
37142.6	143.266
37142.7	106.724
37142.8	88.0282
37142.9	154.799
37143	78.9889
37143.2	83.1255
37143.3	64.0205
37143.5	87.7963
37143.6	78.4314
37143.7	171.233
37143.9	49.975
37144	105.82
37150.9	1.43947
37151	297.619
37151.1	92.1659
37151.2	86.5801
37151.3	71.0732
37151.4	85.6898
37151.6	81.7661
37151.7	99.0099
37151.8	83.1947
37151.9	78.0031
37152	209.205
37152.1	89.4454
37152.2	79.4913
37152.3	151.515
37152.4	80.9061
37152.6	65.9631
37152.7	72.3589
37152.9	71.1744
37152.9	185.185
37153.1	71.9424
37153.2	77.8816
37671.7	0.0192864
37671.7	315.457
37671.8	485.437
37671.8	113.507
37672	82.7815
37672.1	109.409
37672.2	106.27
37672.2	210.084
37672.3	87.8735
37672.4	96.2464
37672.5	127.065
37672.6	178.571
37672.7	110.742
37672.7	163.132
37672.8	105.932
37673	83.3333
37673	109.769
37673.1	156.986
37673.3	71.0227
37673.4	87.9507
37673.5	110.011
37680	1.54059
37680	221.729
37680.1	120.337
37680.1	204.499
37680.3	97.371
37680.4	95.6023
37680.5	99.0099
37680.6	83.9631
37680.7	84.4595
37680.8	156.006
37680.9	94.7867
37681	104.275
37681.1	84.1751
37681.2	81.8331
37681.4	79.8722
37681.5	86.8056
37681.5	161.812
37681.7	76.6284
37681.9	53.1067
37681.9	152.439
37682	104.712
37688.6	1.52451
37688.6	313.48
37688.7	155.279
37688.8	169.779
37688.9	91.5751
37689	109.29
37689	209.644
37689.1	106.838
37689.2	87.4126
37689.4	76.9823
37689.5	95.6023
37689.5	164.474
37689.7	51.0725
37689.8	116.822
37690	66.9792
37690.2	49.7512
37690.3	86.8056
37690.4	88.4956
37690.5	112.233
37690.6	96.9932
37690.8	72.7802
38330.9	0.0156212
38331	110.497
38331.1	170.068
38331.2	87.8735
38331.3	130.548
38331.4	116.55
38331.4	134.409
38331.6	82.85
38331.7	92.5069
38331.8	89.5255
38331.9	222.222
38332	109.17
38332.1	76.746
38332.2	81.6327
38332.4	72.9927
38332.5	88.0282
38332.6	65.3168
38332.8	60.8643
38332.9	112.233
38333	71.3267
38333.2	71.4796
38341	1.27353
38341.1	109.649
38341.3	82.4402
38341.4	79.3021
38341.5	100.806
38341.6	112.108
38341.7	61.5385
38341.9	85.9107
38342	85.4701
38342.1	91.7431
38342.2	71.9942
38342.3	141.243
38342.5	55.4939
38342.6	91.9963
38342.7	77.821
38342.9	53.4759
38343.1	78.064
38343.2	88.6525
38343.4	51.2295
38343.5	82.3045
38343.6	169.205
38365.6	0.45325
38365.7	418.41
38365.7	473.934
38365.8	147.059
38365.8	173.913
38365.9	90.7441
38366.1	87.4126
38366.2	104.275
38366.3	97.371
38366.3	154.321
38366.4	88.6525
38366.6	54.5256
38366.7	174.216
38366.8	86.4304
38366.9	94.162
38367	87.26
38367.1	160.256
38367.2	84.674
38367.3	86.9565
38367.5	88.1057
38367.6	79.4281
39156.6	0.0126745
39156.7	105.374
39156.8	104.932
39156.8	215.983
39156.9	116.55
39157	113.122
39157.1	176.991
39157.1	119.332
39157.3	89.4454
39157.4	107.875
39157.4	152.207
39157.5	100.503
39157.6	104.493
39157.8	79.3651
39157.8	186.567
39157.9	110.865
39158	120.627
39158.1	136.986
39158.2	78.4314
39158.3	107.875
39158.4	80.4505
39165	1.51987
39165.1	264.55
39165.1	120.192
39165.3	90.3342
39165.4	86.5052
39165.5	85.9845
39165.6	85.6898
39165.7	80.3859
39165.8	152.905
39165.9	83.3333
39166.1	59.7372
39166.2	144.928
39166.3	92.3361
39166.4	67.981
39166.5	110.375
39166.6	165.563
39166.6	267.38
39166.7	81.9672
39166.9	96.8054
39167	81.1688
39167.1	75.9301
39173.7	1.5243
39173.8	99.3049
39173.9	73.3676
39174.1	78.9889
39174.1	205.761
39174.2	87.7963
39174.3	124.378
39174.4	105.263
39174.5	145.985
39174.6	76.6871
39174.8	72.5163
39174.9	89.2061
39175	71.582
39175.1	100.604
39175.2	99.7009
39175.3	115.34
39175.4	79.9361
39175.6	88.574
39175.7	91.0747
39175.7	169.492
39175.8	111.111
39860.9	0.0145972
39861	113.636
39861.1	166.389
39861.2	102.145
39861.2	111.732
39861.3	210.526
39861.4	110.865
39861.5	100.908
39861.6	111.732
39861.7	71.6846
39861.8	86.5052
39861.9	151.515
39862	87.26
39862.2	76.1615
39862.3	59.5593
39862.4	146.628
39862.5	81.1688
39862.7	88.8099
39862.8	77.7605
39862.9	89.2857
39863	172.117
39869.4	1.54765
39869.5	105.708
39869.6	106.724
39869.7	98.5222
39869.8	157.48
39869.9	128.866
39870	117.925
39870.1	82.9187
39870.2	71.6332
39870.3	91.8274
39870.4	99.7009
39870.5	118.483
39870.7	81.6993
39870.8	72.7802
39870.9	84.246
39871	75.4717
39871.2	76.5111
39871.3	76.2195
39871.4	85.1789
39871.5	120.773
39871.6	87.4126
39878.3	1.48991
39878.4	264.55
39878.5	121.655
39878.6	86.5052
39878.7	191.205
39878.8	94.6074
39878.9	103.306
39879	89.6861
39879.1	64.7668
39879.3	76.5697
39879.4	92.5069
39879.5	104.167
39879.6	87.26
39879.7	72.5163
39879.8	121.359
39879.9	111.483
39880	149.925
39880.1	108.342
39880.2	70.6714
39880.4	78.3699
39880.4	135.318
40398.2	0.0193152
40398.2	444.444
40398.3	100.1
40398.4	104.932
40398.5	195.695
40398.5	123.762
40398.6	106.724
40398.7	102.041
40398.8	89.4454
40398.9	129.87
40399	86.4304
40399.2	59.2417
40399.3	83.2639
40399.4	137.363
40399.5	87.8735
40399.7	92.8505
40399.8	76.864
40400	69.979
40400.1	92.1659
40400.2	76.5111
40400.4	68.7285
40407.5	1.41022
40407.5	135.87
40407.6	141.443
40407.7	126.904
40407.8	92.2509
40407.9	101.112
40408	92.9368
40408.1	170.358
40408.2	121.803
40408.3	98.3284
40408.3	173.913
40408.4	96.5251
40408.5	96.432
40408.6	103.842
40408.7	92.2509
40408.8	124.688
40409	70.4722
40409.1	82.9187
40409.2	101.833
40409.3	120.482
40409.4	129.87
40416	1.50286
40416.1	307.692
40416.1	370.37
40416.2	96.8992
40416.3	103.842
40416.4	70.2247
40416.6	105.042
40416.7	100.705
40416.7	114.416
40416.8	134.409
40416.9	79.6178
40417.1	82.0345
40417.2	88.1057
40417.3	73.8007
40417.4	94.6074
40417.5	97.561
40417.6	161.551
40417.7	94.4287
40417.8	77.4593
40418	82.4402
40418.1	64.8088
41789.8	0.00729049
41789.8	262.467
41789.9	131.926
41790	90.0901
41790.1	176.678
41790.1	137.174
41790.3	91.8274
41790.4	83.4028
41790.5	65.3595
41790.7	82.9876
41790.8	91.3242
41790.9	92.6784
41791	92.9368
41791.1	90.9918
41791.2	70.8215
41791.3	149.254
41791.4	232.558
41791.5	99.2063
41791.6	114.416
41791.7	83.682
41791.8	133.156
41798.4	1.51863
41798.4	259.74
41798.5	97.0874
41798.6	106.496
41798.7	226.244
41798.8	98.1354
41798.9	100.2
41799	87.108
41799.1	100.806
41799.2	75.5858
41799.3	159.236
41799.4	121.065
41799.5	104.058
41799.6	70.8215
41799.7	79.7448
41799.8	142.653
41799.8	340.136
41799.9	118.483
41800	183.15
41800.1	76.9823
41800.2	93.4579
41806.8	1.5313
41806.8	307.692
41806.9	95.2381
41807	95.511
41807.1	113.636
41807.1	238.663
41807.3	88.4173
41807.4	88.574
41807.5	81.8331
41807.6	100.301
41807.7	77.8816
41807.9	93.2836
41808	99.2063
41808	172.414
41808.1	107.411
41808.3	71.2251
41808.3	119.19
41808.5	96.432
41808.5	192.678
41808.6	105.042
41808.7	77.5194
42321.3	0.0195093
42321.4	106.27
42321.5	187.97
42321.6	69.6864
42321.7	86.5801
42321.8	174.216
42321.9	89.3655
42322	115.075
42322.1	92.6784
42322.2	101.626
42322.3	107.875
42322.4	136.612
42322.5	112.36
42322.6	93.8967
42322.7	79.0514
42322.8	104.932
42322.9	83.5422
42323	135.318
42323.1	82.7815
42323.2	107.527
42323.4	70.4225
42332.2	1.12993
42332.3	314.465
42332.4	115.207
42332.4	174.825
42332.5	110.011
42332.6	92.5926
42332.7	110.742
42332.8	170.94
42332.9	116.55
42333	104.058
42333.1	131.062
42333.2	85.1064
42333.3	87.7193
42333.4	86.1326
42333.5	92.7644
42333.6	110.619
42333.7	120.337
42333.8	86.5052
42333.9	81.8331
42334.1	86.6551
42334.2	89.6861
42341.4	1.38009
42341.5	88.7311
42341.6	99.9001
42341.7	103.627
42341.8	137.741
42342	73.3676
42342.1	81.5661
42342.2	93.1966
42342.3	74.7384
42342.4	88.1057
42342.6	82.85
42342.7	86.4304
42342.8	80.5153
42342.9	88.574
42343	116.009
42343.1	104.058
42343.3	77.8816
42343.4	73.9645
42343.5	87.26
42343.7	61.3121
42343.8	88.4173
42864.1	0.0192211
42864.1	155.039
42864.3	93.8967
42864.4	82.1693
42864.5	76.6284
42864.6	114.155
42864.7	106.496
42864.8	89.8473
42864.9	80.7103
42865	176.678
42865.1	92.2509
42865.2	116.279
42865.3	88.6525
42865.4	156.006
42865.5	82.5082
42865.6	78.3085
42865.7	112.613
42865.9	74.3494
42866	66.0066
42866.2	68.8231
42866.3	82.9876
42884	0.566476
42884	248.139
42884.1	129.199
42884.2	96.0615
42884.3	84.0336
42884.4	126.582
42884.5	212.314
42884.6	106.952
42884.6	122.249
42884.7	110.619
42884.8	176.056
42884.9	106.724
42885	102.145
42885	196.85
42885.2	93.8086
42885.3	81.6327
42885.4	106.952
42885.5	76.1615
42885.6	93.3707
42885.7	164.474
42885.8	101.317
42892.3	1.54326
42892.3	135.318
42892.4	147.275
42892.5	105.597
42892.6	87.26
42892.7	138.889
42892.8	87.7963
42892.9	92.081
42893	116.959
42893.1	84.674
42893.2	157.729
42893.3	87.7193
42893.4	90.9091
42893.5	121.212
42893.6	131.926
42893.7	82.6446
42893.8	125
42893.9	106.724
42894	126.422
42894.1	90.0901
42894.2	86.4304
44218.4	0.00755182
44218.5	113.895
44218.6	205.339
44218.7	100.301
44218.8	102.354
44218.9	93.0233
44218.9	260.417
44219	95.1475
44219.1	86.881
44219.2	114.155
44219.3	93.7207
44219.4	181.159
44219.5	103.413
44219.6	85.7633
44219.8	72.0461
44219.8	139.276
44219.9	106.952
44220	99.5025
44220.1	125.786
44220.3	64.5161
44220.4	98.2318
44270.7	0.198909
44270.8	110.254
44270.8	211.864
44270.9	94.7867
44271	121.951
44271.1	175.439
44271.2	105.042
44271.3	114.548
44271.3	196.464
44271.4	99.8004
44271.5	87.3362
44271.7	90.7441
44271.8	86.2069
44271.9	81.103
44272	109.409
44272.1	140.252
44272.2	88.4956
44272.3	76.5111
44272.4	101.626
44272.5	114.025
44272.6	73.2601
44336.4	0.156821
44336.5	110.497
44336.6	222.717
44336.7	94.4287
44336.8	106.383
44336.9	85.034
44337	106.27
44337.1	86.2069
44337.2	201.207
44337.3	58.7199
44337.4	160.772
44337.5	95.8773
44337.6	87.8735
44337.7	86.1326
44337.8	225.225
44337.9	86.5801
44338	86.3558
44338.1	107.759
44338.2	179.211
44338.3	82.5082
44338.4	91.7431
45083.7	0.0134172
45083.9	86.5801
45083.9	172.414
45084	100.402
45084.1	139.86
45084.2	123.762
45084.3	95.9693
45084.4	79.4281
45084.5	92.5926
45084.6	103.734
45084.7	93.0233
45084.9	84.8176
45084.9	168.919
45085	106.724
45085.1	112.36
45085.2	144.509
45085.3	84.674
45085.4	101.626
45085.5	95.1475
45085.6	109.29
45085.7	127.714
45092.2	1.52469
45092.3	124.844
45092.4	210.084
45092.5	95.1475
45092.6	134.048
45092.7	112.36
45092.7	169.492
45092.8	104.384
45092.9	103.734
45093	117.925
45093.1	167.785
45093.2	88.574
45093.3	92.2509
45093.4	88.1834
45093.6	71.9424
45093.6	263.852
45093.7	95.2381
45093.8	83.1255
45093.9	96.0615
45094	91.5751
45094.2	73.8007
45100.8	1.51916
45100.8	306.748
45100.9	131.062
45101	168.919
45101	123.305
45101.1	114.679
45101.2	84.317
45101.4	93.4579
45101.4	162.075
45101.5	101.317
45101.6	99.7009
45101.7	112.74
45101.8	82.0345
45101.9	98.8142
45102	129.702
45102.1	112.74
45102.3	67.2948
45102.3	200
45102.4	119.617
45102.5	156.986
45102.6	102.354
45632.8	0.0188587
45632.9	112.36
45633	105.932
45633.1	196.078
45633.2	108.696
45633.3	109.529
45633.4	91.0747
45633.5	104.275
45633.6	169.779
45633.7	85.9107
45633.8	102.775
45633.9	84.1043
45634	85.5432
45634.1	83.4028
45634.2	128.37
45634.3	77.2798
45634.4	104.384
45634.6	97.561
45634.6	122.699
45634.8	56.1798
45634.9	167.785
45641.6	1.48452
45641.7	265.957
45641.8	112.108
45641.9	86.5052
45642	87.7963
45642.1	93.1966
45642.2	146.413
45642.3	63.4115
45642.4	126.582
45642.5	84.4595
45642.7	55.0055
45642.8	152.905
45642.9	85.9845
45643	91.0747
45643.1	96.8992
45643.2	171.233
45643.3	83.612
45643.4	79.3021
45643.6	79.6813
45643.6	186.22
45643.7	98.2318
45650.5	1.48082
45650.6	102.987
45650.7	193.798
45650.8	86.6551
45650.9	65.703
45651	137.931
45651.1	73.7463
45651.2	117.786
45651.3	251.889
45651.4	91.0747
45651.5	100.806
45651.6	70.1754
45651.8	80.7754
45651.9	99.3049
45652	88.8099
45652	185.874
45652.1	84.1751
45652.2	101.833
45652.4	84.674
45652.4	126.263
45652.6	80.0641
47183.7	0.00653114
47183.8	118.765
47183.9	123.153
47183.9	204.499
47184	129.366
47184.1	113.895
47184.2	81.7661
47184.3	103.306
47184.4	163.399
47184.5	112.108
47184.6	105.708
47184.7	163.132
47184.7	135.135
47184.8	106.952
47184.9	172.117
47185	100.503
47185.1	94.8767
47185.2	132.45
47185.3	94.518
47185.4	85.6164
47185.5	75.9301
47192.6	1.42171
47192.7	100.503
47192.7	180.505
47192.8	106.383
47192.9	111.732
47193	287.356
47193.1	99.4036
47193.2	122.699
47193.2	184.162
47193.3	103.413
47193.4	110.011
47193.5	102.354
47193.6	139.665
47193.7	83.4725
47193.8	90.2527
47193.9	107.296
47194	163.666
47194.1	130.039
47194.2	79.3651
47194.3	137.552
47194.4	61.6143
47201.2	1.48126
47201.2	230.947
47201.3	389.105
47201.3	154.321
47201.4	109.89
47201.5	154.321
47201.6	94.697
47201.7	75.5858
47201.8	100
47202	90.2527
47202.1	87.26
47202.2	65.2316
47202.3	103.413
47202.4	219.298
47202.5	93.8967
47202.6	87.108
47202.7	73.7463
47202.9	88.2613
47203	92.2509
47203	180.505
47203.1	81.1688
47724.4	0.0191833
47724.5	114.943
47724.6	235.294
47724.8	61.5764
47724.8	171.527
47724.9	89.0472
47725	90.9918
47725.2	85.8369
47725.3	85.9845
47725.4	93.0233
47725.5	100.402
47725.6	108.814
47725.7	74.129
47725.8	235.849
47725.8	256.41
47725.9	129.199
47726	163.666
47726	109.051
47726.2	65.7462
47726.3	73.0994
47726.4	107.181
47733.3	1.45588
47733.4	222.222
47733.5	111.359
47733.6	91.0747
47733.6	179.856
47733.7	86.8056
47733.9	97.1817
47733.9	121.655
47734.1	84.1751
47734.2	83.1255
47734.3	76.3359
47734.4	80.2568
47734.5	204.082
47734.6	93.4579
47734.7	85.034
47734.9	86.881
47735	92.7644
47735	186.916
47735.1	96.9932
47735.2	90.0901
47735.4	75.358
47743.1	1.29596
47743.1	389.105
47743.2	152.672
47743.3	138.122
47743.4	100.705
47743.5	94.0734
47743.6	90.9091
47743.7	143.266
47743.9	54.6448
47744	71.2758
47744.2	60.1685
47744.2	137.552
47744.4	63.5728
47744.5	68.5871
47744.7	90.009
47744.8	110.865
47744.9	61.237
47745	97.371
47745.1	86.4304
47745.3	60.9013
47745.4	74.6826
48273.2	0.0189499
48273.2	204.082
48273.3	287.356
48273.3	118.343
48273.4	108.578
48273.6	95.511
48273.7	104.167
48273.8	103.093
48273.8	161.29
48273.9	111.982
48274	255.102
48274	113.25
48274.1	140.845
48274.2	193.798
48274.3	76.4526
48274.4	104.932
48274.5	90.4977
48274.6	156.25
48274.7	93.0233
48274.8	89.7666
48274.9	77.3395
48281.6	1.50627
48281.7	128.205
48281.8	92.8505
48281.9	98.8142
48281.9	161.551
48282	106.27
48282.2	79.9361
48282.3	92.6784
48282.4	73.692
48282.6	75.7576
48282.7	83.0565
48282.8	97.561
48282.8	167.785
48282.9	115.473
48283	123.457
48283.1	74.129
48283.3	79.4281
48283.4	75.815
48283.6	82.2368
48283.7	100.908
48283.7	144.092
48290.4	1.49963
48290.5	111.483
48290.6	91.5751
48290.7	137.931
48290.8	144.718
48290.9	87.108
48291	92.5069
48291.1	99.6016
48291.2	77.821
48291.3	88.574
48291.4	98.1354
48291.5	112.613
48291.7	72.2543
48291.8	93.7207
48291.9	151.286
48292	103.199
48292	112.233
48292.1	122.1
48292.2	116.55
48292.3	161.29
48292.3	285.714
48806.5	0.0194486
48806.6	103.199
48806.7	100.604
48806.8	157.233
48806.9	81.3008
48807.1	47.1476
48807.3	73.692
48807.4	76.5697
48807.5	81.6327
48807.6	196.078
48807.8	59.2066
48807.9	112.36
48808	83.5422
48808.1	96.5251
48808.2	84.3882
48808.3	88.2613
48808.4	110.497
48808.5	99.9001
48808.6	82.5082
48808.8	77.9423
48808.9	80.4505
48828.2	0.518084
48828.2	370.37
48828.3	128.37
48828.4	88.8099
48828.6	81.4332
48828.7	106.045
48828.7	139.082
48828.8	89.2061
48829	50.1505
48829.1	184.843
48829.2	104.493
48829.3	126.103
48829.3	157.978
48829.5	78.3699
48829.6	99.5025
48829.7	126.582
48829.7	157.729
48829.9	77.5795
48830	69.6864
48830.1	74.129
48830.3	83.9631
49162.2	0.0301267
49162.3	118.203
49162.4	183.824
49162.5	86.0585
49162.6	107.759
49162.7	101.626
49162.8	91.8274
49162.9	88.7311
49163	95.2381
49163.1	72.1501
49163.2	169.779
49163.3	86.1326
49163.4	86.5801
49163.6	91.659
49163.6	197.628
49163.7	110.254
49163.8	183.824
49163.8	280.899
49163.9	90.9091
49164	77.9423
49164.1	92.1659
49690.5	0.0189977
49690.6	346.021
49690.6	427.35
49690.7	109.17
49690.8	105.485
49690.9	88.3392
49691	105.485
49691.1	164.745
49691.2	104.167
49691.3	85.1789
49691.4	97.9432
49691.5	105.042
49691.6	93.3707
49691.7	142.045
49691.8	83.4028
49691.9	115.075
49692	90.6618
49692.1	77.6397
49692.3	72.9927
49692.4	93.5454
49692.4	194.932
50588.5	0.0111604
50588.6	94.2507
50588.7	113.895
50588.8	88.2613
50588.9	111.483
50589	74.8503
50589.1	91.659
50589.2	106.838
50589.3	110.988
50589.5	77.7001
50589.6	86.3558
50589.7	88.574
50589.8	100.2
50589.9	152.672
50589.9	114.416
50590.1	91.9963
50590.2	84.1751
50590.3	111.732
50590.4	118.624
50590.5	89.6861
50590.6	72.7802
50636	0.220221
50636.1	119.19
50636.2	90.1713
50636.3	103.093
50636.5	88.6525
50636.5	166.667
50636.6	84.5309
50636.7	123.916
50636.8	128.7
50636.9	132.45
50637	109.17
50637.1	97.1817
50637.2	93.7207
50637.3	85.3242
50637.4	96.0615
50637.5	183.824
50637.6	98.2318
50637.6	156.006
50637.8	86.881
50637.9	100.705
50638	68.6813
51247.9	0.0163951
51248	279.33
51248.1	103.52
51248.2	119.332
51248.3	131.579
51248.3	140.647
51248.4	101.01
51248.6	67.6133
51248.7	108.578
51248.8	83.682
51248.9	78.4929
51249.1	61.1995
51249.2	149.701
51249.3	91.2409
51249.4	87.184
51249.6	71.3776
51249.6	116.55
51249.7	158.479
51249.8	102.564
51249.9	82.9187
51250.1	74.9064
51256.7	1.50006
51256.8	316.456
51256.8	176.991
51256.9	162.338
51257	95.7854
51257.1	80.5153
51257.2	91.3242
51257.3	104.932
51257.5	85.8369
51257.6	68.2128
51257.8	68.2128
51257.8	179.533
51257.9	88.1834
51258.1	71.4796
51258.2	82.85
51258.3	91.4913
51258.4	84.4595
51258.5	176.367
51258.6	111.483
51258.6	193.424
51258.7	105.708
51265.3	1.5204
51265.4	297.619
51265.4	336.7
51265.5	106.27
51265.6	84.674
51265.7	138.696
51265.8	129.366
51265.9	98.2318
51266	96.6184
51266.1	102.564
51266.2	168.35
51266.3	97.2763
51266.4	88.8099
51266.5	77.3395
51266.6	89.4454
51266.7	92.4214
51266.8	88.2613
51266.9	148.588
51267	234.192
51267.1	91.2409
51267.2	75.4148
51779.4	0.0195247
51779.5	111.982
51779.6	104.275
51779.7	99.6016
51779.7	198.807
51779.8	108.932
51779.9	108.46
51780	118.483
51780.1	152.905
51780.2	108.578
51780.3	90.5797
51780.4	96.1538
51780.5	68.6342
51780.7	88.3392
51780.8	57.6037
51780.9	133.869
51781.1	60.1323
51781.2	162.338
51781.3	78.9266
51781.4	82.2368
51781.6	69.2521
51788.4	1.46677
51788.4	256.41
51788.5	100.503
51788.6	107.296
51788.7	142.248
51788.7	191.205
51788.8	109.769
51789	72.9395
51789.1	82.4402
51789.2	109.649
51789.3	106.61
51789.4	86.2813
51789.5	81.1688
51789.7	85.5432
51789.8	72.9395
51789.9	85.5432
51790	82.9187
51790.1	131.234
51790.2	269.542
51790.3	79.1139
51790.4	82.3045
51797.3	1.44684
51797.4	326.797
51797.4	143.678
51797.5	100.2
51797.7	87.7963
51797.7	189.036
51797.8	98.1354
51797.9	106.496
51798	97.8474
51798.1	85.1064
51798.2	218.341
51798.3	86.8056
51798.4	97.6563
51798.5	118.064
51798.6	132.45
51798.7	104.058
51798.8	88.7311
51798.9	87.26
51799	147.929
51799.1	86.2069
51799.2	86.0585
52317.8	0.0192837
52317.9	239.234
52317.9	107.296
52318	110.742
52318.1	92.3361
52318.2	103.199
52318.4	94.7867
52318.5	102.669
52318.5	135.318
52318.6	104.384
52318.7	108.342
52318.8	86.7303
52318.9	159.49
52319	90.8265
52319.1	89.0472
52319.2	104.603
52319.3	169.205
52319.4	95.4198
52319.5	83.8926
52319.6	110.375
52319.8	84.0336
52326.5	1.48023
52326.6	129.199
52326.7	81.103
52326.8	104.058
52327	69.4444
52327.1	106.045
52327.1	149.925
52327.2	91.4913
52327.4	99.0099
52327.4	121.655
52327.5	152.439
52327.6	85.1789
52327.7	112.486
52327.8	83.3333
52327.9	146.628
52328	91.0747
52328.1	77.101
52328.3	95.057
52328.3	162.075
52328.4	89.6861
52328.6	83.3333
52557.2	0.0437311
52557.3	306.748
52557.4	80
52557.5	101.317
52557.6	114.679
52557.7	81.5661
52557.8	102.987
52557.9	176.056
52558	110.497
52558.1	120.627
52558.2	85.034
52558.3	83.4028
52558.4	106.27
52558.5	82.2368
52558.6	96.2464
52558.7	205.339
52558.9	57.0776
52558.9	150.376
52559	209.644
52559.1	115.741
52559.1	136.986
53079.4	0.0192214
53079.4	278.552
53079.5	120.627
53079.7	84.1751
53079.8	102.459
53079.8	192.678
53079.9	99.2063
53080	104.167
53080.1	89.3655
53080.2	277.778
53080.3	92.2509
53080.4	106.27
53080.5	89.2061
53080.5	204.082
53080.6	97.2763
53080.7	103.413
53080.9	88.1057
53081	84.1043
53081.1	137.363
53081.2	91.3242
53081.3	106.383
53590.6	0.0196335
53590.7	88.4173
53590.9	80
53591	93.985
53591.1	62.0732
53591.2	96.0615
53591.3	138.122
53591.4	101.42
53591.5	123.457
53591.6	147.493
53591.7	99.108
53591.8	78.0031
53591.9	89.2857
53592	89.0472
53592.1	91.8274
53592.3	73.3138
53592.4	126.582
53592.4	337.838
53592.5	78.8644
53592.6	90.9918
53592.8	88.2613
53599.5	1.47408
53599.6	136.426
53599.7	194.175
53599.8	77.3994
53600	70.2247
53600.1	72.8332
53600.2	103.52
53600.3	187.617
53600.4	99.2063
53600.4	231.481
53600.5	82.4402
53600.7	59.5593
53600.8	159.744
53600.9	87.8735
53601	105.597
53601.1	162.338
53601.2	94.6074
53601.3	95.2381
53601.3	141.443
53601.4	106.838
53601.5	126.743
54113.6	0.0195285
54113.7	139.082
54113.7	172.414
54113.8	114.811
54113.9	105.152
54114	97.8474
54114.1	102.987
54114.2	83.8926
54114.4	83.1947
54114.5	127.226
54114.6	90.2527
54114.6	183.15
54114.7	103.413
54114.8	99.7009
54114.9	94.9668
54115.1	87.7193
54115.1	162.866
54115.2	94.8767
54115.3	105.152
54115.4	106.61
54115.5	118.203
54122.4	1.45007
54122.5	142.857
54122.6	149.254
54122.7	116.959
54122.8	100.705
54122.9	109.051
54123	96.432
54123.1	84.674
54123.2	95.7854
54123.2	170.648
54123.4	86.5052
54123.5	90.5797
54123.6	107.991
54123.7	80.5153
54123.8	76.6284
54123.9	103.95
54124.1	85.2515
54124.2	101.833
54124.2	124.378
54124.3	95.7854
54124.4	102.775
54131.1	1.49196
54131.2	271.739
54131.2	386.1
54131.3	97.371
54131.4	92.6784
54131.5	102.669
54131.6	99.3049
54131.8	86.7303
54131.9	94.162
54131.9	192.678
54132	115.473
54132.1	106.61
54132.2	210.526
54132.3	86.2069
54132.4	73.4754
54132.6	81.5661
54132.7	81.4332
54132.8	72.9927
54132.9	79.5545
54133.1	90.7441
54133.2	87.9507
55751.3	0.00617997
55751.4	202.84
55751.4	401.606
55751.5	96.8992
55751.6	97.6563
55751.7	113.25
55751.8	81.4996
55751.9	83.5422
55752	98.4252
55752.1	151.976
55752.2	96.2464
55752.4	70.9723
55752.5	66.0939
55752.6	124.224
55752.7	98.7167
55752.8	101.01
55752.9	103.95
55753	130.548
55753	240.964
55753.1	84.1751
55753.3	89.4454
55809.1	0.179218
55809.1	321.543
55809.1	263.852
55809.3	90.009
55809.4	95.511
55809.5	68.5871
55809.6	88.4956
55809.7	136.986
55809.9	62.8536
55810	138.889
55810.1	102.145
55810.2	86.9565
55810.3	87.26
55810.4	91.2409
55810.5	82.0345
55810.6	79.8085
55810.8	70.5716
55810.9	92.5926
55811	85.1789
55811.1	158.73
55811.2	71.6332
55873.3	0.161143
55873.3	418.41
55873.4	106.952
55873.5	84.246
55873.6	133.333
55873.7	81.2348
55873.9	82.9187
55874	107.991
55874.1	108.696
55874.1	122.399
55874.2	110.132
55874.3	108.932
55874.4	152.439
55874.6	52.2739
55874.7	97.8474
55874.8	141.443
55874.9	94.8767
55875	79.6178
55875.1	79.1139
55875.2	150.15
55875.4	74.7943
56390.8	0.0193994
56390.9	303.951
56391	112.233
56391.1	113.379
56391.2	99.2063
56391.2	199.601
56391.3	117.786
56391.4	119.474
56391.4	185.529
56391.6	100.604
56391.6	111.607
56391.8	93.5454
56391.8	177.62
56391.9	86.9565
56392	99.8004
56392.1	85.3971
56392.3	82.9876
56392.4	133.511
56392.4	120.627
56392.5	87.0322
56392.6	158.983
56399.1	1.54381
56399.1	381.679
56399.2	125
56399.3	174.825
56399.4	90.4977
56399.5	119.617
56399.6	109.89
56399.6	215.054
56399.7	110.375
56399.8	94.4287
56399.9	108.814
56400.1	68.4463
56400.2	73.9645
56400.3	83.612
56400.4	123.762
56400.5	152.439
56400.6	99.108
56400.7	88.1834
56400.8	87.5657
56401	64.0205
56401.1	84.3882
56407.6	1.54476
56407.6	326.797
56407.6	421.941
56407.7	133.156
56407.8	100.301
56408	72.6216
56408.1	91.7431
56408.2	88.4173
56408.3	106.496
56408.3	180.832
56408.5	87.6424
56408.5	120.337
56408.7	86.881
56408.7	168.067
56408.8	85.3242
56408.9	102.354
56409	182.149
56409.1	79.9361
56409.2	104.822
56409.3	105.374
56409.4	122.399
56927.6	0.0192979
56927.7	236.407
56927.7	283.286
56927.8	91.0747
56928	57.4713
56928.1	178.571
56928.2	88.4956
56928.3	108.578
56928.4	96.6184
56928.4	171.821
56928.5	89.2857
56928.7	85.6898
56928.8	113.379
56928.9	79.4281
56929	90.9918
56929.1	65.3595
56929.2	115.075
56929.3	194.175
56929.4	84.0336
56929.5	105.597
56929.6	75.5287
56936.9	1.37029
56937	266.667
56937.1	107.875
56937.2	76.8049
56937.3	156.495
56937.4	71.1744
56937.5	110.011
56937.6	202.02
56937.7	90.7441
56937.8	97.371
56937.9	96.2464
56938	85.4701
56938.1	124.688
56938.2	86.2069
56938.4	64.2261
56938.5	89.6861
56938.7	68.918
56938.8	76.6871
56938.9	88.4173
56939	78.9889
56939.2	90.2527
56946.3	1.39344
56946.4	243.309
56946.4	420.168
56946.5	128.041
56946.6	96.8054
56946.7	96.0615
56946.8	168.634
56946.9	113.507
56946.9	107.991
56947.1	82.7815
56947.2	89.7666
56947.3	74.7384
56947.4	81.8331
56947.5	170.358
56947.6	110.132
56947.7	96.8054
56947.8	75.4717
56948	83.0565
56948.1	86.5801
56948.2	135.685
56948.3	105.485
58028	0.00926182
58028.1	120.192
58028.1	226.757
58028.2	94.7867
58028.3	95.057
58028.5	79.9361
58028.6	83.9631
58028.7	88.2613
58028.8	113.895
58028.9	86.5801
58029	85.9107
58029.1	98.1354
58029.2	175.439
58029.3	95.1475
58029.4	81.8331
58029.5	98.1354
58029.6	161.551
58029.7	99.3049
58029.8	85.9845
58029.9	72.4638
58030.1	69.979
58037	1.44471
58037.1	126.743
58037.2	85.034
58037.3	109.529
58037.4	216.45
58037.4	122.85
58037.5	110.742
58037.6	196.85
58037.7	118.203
58037.8	86.9565
58037.9	157.729
58038	86.1326
58038.1	93.1966
58038.2	94.9668
58038.3	78.6782
58038.5	75.9301
58038.6	77.821
58038.7	82.9876
58038.8	228.311
58038.9	98.1354
58039	94.3396
58189.1	0.0666263
58189.2	196.85
58189.3	96.3391
58189.4	78.0031
58189.5	83.8223
58189.6	103.199
58189.8	72.8332
58189.8	132.1
58189.9	91.9963
58190.1	64.6412
58190.2	81.4996
58190.4	58.8928
58190.5	76.5697
58190.6	84.317
58190.7	154.083
58190.8	91.5751
58190.9	107.991
58191.1	70.5716
58191.2	120.773
58191.4	42.0875
58191.5	136.054
58710.4	0.0192706
58710.5	246.914
58710.6	61.1995
58710.7	239.234
58710.8	102.145
58710.9	120.482
58710.9	175.131
58711	94.9668
58711.1	112.108
58711.2	97.8474
58711.3	104.167
58711.5	74.9064
58711.6	77.5795
58711.7	88.4956
58711.8	83.8926
58711.9	123.457
58712	231.481
58712.1	58.309
58712.3	79.1139
58712.3	205.339
58712.4	89.9281
59056.2	0.029086
59056.3	128.37
59056.4	107.181
59056.6	75.0751
59056.7	110.132
59056.7	214.133
59056.8	89.3655
59056.9	99.8004
59057	93.8967
59057.1	100.1
59057.2	177.62
59057.3	98.1354
59057.4	103.842
59057.5	97.0874
59057.6	150.376
59057.7	84.1043
59057.8	173.611
59057.9	82.713
59058	99.5025
59058.1	93.5454
59058.2	141.844
59065.1	1.43491
59065.2	366.3
59065.3	103.627
59065.4	97.561
59065.5	91.5751
59065.6	104.932
59065.7	76.5697
59065.8	92.081
59065.9	108.814
59066	102.354
59066.1	149.477
59066.2	89.5255
59066.3	80.7754
59066.4	112.613
59066.5	101.626
59066.6	122.1
59066.7	77.7605
59066.8	223.714
59066.9	89.6057
59067.1	50.5051
59067.2	73.1529
59586	0.0192769
59586.1	94.8767
59586.2	111.111
59586.4	79.9361
59586.4	115.875
59586.5	193.798
59586.6	108.578
59586.7	93.7207
59586.8	117.647
59586.9	157.233
59587	98.912
59587	122.699
59587.1	92.5069
59587.2	138.122
59587.4	85.7633
59587.4	102.775
59587.6	79.1139
59587.7	130.719
59587.7	132.1
59587.8	86.2813
59587.9	108.932
59594.8	1.45783
59594.9	116.414
59595	106.27
59595.1	93.2836
59595.2	76.5697
59595.3	100.604
59595.4	210.97
59595.6	62.6566
59595.6	175.747
59595.7	85.1789
59595.8	87.26
59596	77.8816
59596.1	82.9187
59596.2	94.3396
59596.3	98.5222
59596.4	147.059
59596.5	163.399
59596.6	72.8863
59596.8	51.4403
59596.9	78.125
59597	129.032
59604.1	1.40863
59604.2	104.493
59604.3	261.097
59604.4	99.5025
59604.5	101.01
59604.6	86.2813
59604.7	95.9693
59604.8	121.359
59604.9	74.7384
59605	105.042
59605.1	161.031
59605.2	73.2064
59605.3	115.207
59605.4	80.2568
59605.5	91.8274
59605.7	77.3994
59605.8	103.95
59605.9	77.101
59606	123.001
59606.1	93.8086
59606.2	97.2763
60781.2	0.00851065
60781.2	333.333
60781.3	140.647
60781.4	89.5255
60781.5	85.3971
60781.7	85.7633
60781.8	99.7009
60781.9	107.527
60782	90.2527
60782.1	91.8274
60782.2	95.9693
60782.3	83.8926
60782.4	97.8474
60782.5	198.807
60782.6	114.548
60782.6	147.275
60782.8	78.7402
60782.9	122.399
60783	90.5797
60783	204.918
60783.1	97.9432
60833.7	0.197823
60833.7	408.163
60833.7	406.504
60833.9	91.7431
60833.9	113.507
60834	110.254
60834.2	75.4148
60834.3	103.306
60834.4	98.4252
60834.5	95.8773
60834.5	171.527
60834.7	87.184
60834.8	101.523
60834.8	118.343
60834.9	122.249
60835.1	59.8802
60835.2	91.8274
60835.3	106.724
60835.4	211.416
60835.5	105.042
60835.6	64.3915
60867.9	0.310304
60867.9	306.748
60868	104.167
60868.1	117.925
60868.2	89.7666
60868.3	96.432
60868.4	94.2507
60868.5	158.983
60868.6	77.9423
60868.7	104.932
60868.8	94.697
60868.9	97.561
60869	148.368
60869.1	81.2348
60869.2	93.985
60869.3	157.729
60869.5	59.0319
60869.5	124.688
60869.7	86.4304
60869.8	102.354
60869.8	160.772
61517.9	0.0154296
61518	258.398
61518	336.7
61518.1	111.235
61518.2	115.075
61518.2	220.751
61518.4	97.0874
61518.5	109.051
61518.6	89.4454
61518.7	97.9432
61518.8	89.4454
61518.9	96.2464
61519	82.5764
61519.1	86.5052
61519.2	113.766
61519.3	156.74
61519.4	124.533
61519.5	99.3049
61519.6	142.857
61519.7	97.7517
61519.8	85.034
61526.4	1.52267
61526.5	103.413
61526.6	94.2507
61526.7	75.7002
61526.8	85.3242
61526.9	97.2763
61527	104.712
61527.2	76.864
61527.3	88.8889
61527.4	128.041
61527.4	180.832
61527.5	98.4252
61527.6	93.1099
61527.7	86.881
61527.9	93.4579
61527.9	152.439
61528	86.6551
61528.2	79.0514
61528.3	107.759
61528.4	75.0751
61528.5	87.5657
61536.3	1.29192
61536.4	118.203
61536.5	88.968
61536.6	100.705
61536.7	106.157
61536.7	166.945
61536.8	90.4977
61537	91.3242
61537.1	74.3494
61537.2	111.111
61537.3	96.1538
61537.4	80.4505
61537.5	200.803
61537.6	86.2069
61537.9	39.2773
61538	73.8552
61538.1	97.4659
61538.2	73.3138
61538.4	88.3392
61538.5	82.5764
61538.6	78.3699
62138.6	0.0166663
62138.7	162.075
62138.8	174.825
62138.9	92.081
62139	93.8086
62139.1	61.8047
62139.2	103.413
62139.3	129.534
62139.4	90.009
62139.5	105.82
62139.6	104.275
62139.8	79.8085
62139.9	80.2568
62140	89.2857
62140.1	87.184
62140.2	200.803
62140.3	88.6525
62140.4	96.3391
62140.5	75.7576
62140.6	94.0734
62140.8	70.8717
62147.4	1.52094
62147.5	92.6784
62147.6	92.6784
62147.7	99.9001
62147.7	250.627
62147.8	90.8265
62148	88.7311
62148	138.122
62148.2	72.7802
62148.3	103.199
62148.3	182.482
62148.4	101.01
62148.5	91.4913
62148.6	102.775
62148.7	158.479
62148.8	81.1688
62149	89.5255
62149	115.207
62149.2	72.0981
62149.3	91.1577
62149.4	151.745
62155.9	1.54112
62156	121.507
62156.1	91.7431
62156.2	96.432
62156.2	192.678
62156.3	125
62156.4	86.2813
62156.5	92.7644
62156.7	87.3362
62156.8	88.6525
62156.9	110.742
62157	91.3242
62157.1	87.4891
62157.2	98.7167
62157.3	174.216
62157.4	111.235
62157.4	174.52
62157.5	78.3699
62157.6	95.511
62157.8	100.301
62157.8	152.905
63197.7	0.0096162
63197.8	304.878
63197.9	126.103
63198	93.1099
63198.1	59.5238
63198.2	101.215
63198.4	77.3395
63198.5	89.9281
63198.6	85.2515
63198.7	167.785
63198.8	72.9395
63198.9	85.9107
63199.1	74.184
63199.2	78.6163
63199.4	63.1712
63199.5	77.6397
63199.6	125.786
63199.7	74.6826
63199.8	86.1326
63200	71.0227
63200.1	78.6782
63207.9	1.28687
63208	116.009
63208.1	98.0392
63208.2	92.1659
63208.3	146.628
63208.4	90.2527
63208.5	91.659
63208.6	87.184
63208.8	70.5716
63208.9	88.8889
63209	65.3168
63209.1	95.057
63209.2	87.3362
63209.4	83.1255
63209.5	87.7193
63209.5	179.211
63209.7	79.8085
63209.8	78.4929
63209.9	74.5712
63210	171.527
63210.2	49.8753
63217.2	1.42863
63217.3	103.306
63217.4	108.108
63217.5	83.5422
63217.6	164.204
63217.7	105.152
63217.8	114.679
63217.9	87.7963
63218	97.561
63218.1	172.117
63218.2	112.994
63218.3	91.1577
63218.3	141.243
63218.4	93.0233
63218.6	64.5161
63218.7	80.3859
63218.9	56.0538
63219	158.983
63219.1	86.1326
63219.2	66.6667
63219.4	99.7009
63831.1	0.0163479
63831.1	214.592
63831.1	335.57
63831.2	108.696
63831.3	114.943
63831.4	157.48
63831.5	80.9717
63831.7	88.1834
63831.8	90.1713
63831.9	89.6057
63832	87.108
63832.1	96.6184
63832.2	82.5764
63832.3	166.667
63832.4	102.041
63832.5	95.057
63832.7	75.188
63832.7	180.18
63832.8	93.8086
63833	77.101
63833.1	72.4113
64716.7	0.0113181
64716.8	120.773
64716.8	112.108
64716.9	153.846
64717	144.3
64717.1	101.42
64717.1	191.205
64717.3	86.881
64717.4	98.4252
64717.5	97.1817
64717.6	114.548
64717.7	101.317
64717.8	86.4304
64717.8	157.729
64717.9	117.786
64718	89.2857
64718.1	182.815
64718.2	99.5025
64718.3	121.951
64718.4	151.515
64718.5	101.112
64725.8	1.36825
64725.8	319.489
64725.9	135.685
64725.9	158.983
64726.1	86.2069
64726.2	100.1
64726.3	95.3289
64726.4	83.4725
64726.6	74.4048
64726.7	74.2942
64726.8	102.987
64726.9	82.3723
64727.1	73.3676
64727.1	125.313
64727.2	111.483
64727.3	176.991
64727.4	71.8907
64727.6	73.8552
64727.7	77.7605
64727.8	114.155
64727.9	88.8099
65344.5	0.0162178
65344.6	130.208
65344.7	99.8004
65344.8	89.0472
65344.9	172.414
65345.1	53.5332
65345.1	182.149
65345.2	129.702
65345.3	73.0994
65345.4	143.678
65345.5	97.561
65345.7	80.2568
65345.8	106.838
65345.9	84.3882
65345.9	194.553
65346.1	83.9631
65346.1	102.249
65346.3	102.354
65346.4	67.3401
65346.5	235.294
65346.5	211.864
65353.2	1.48562
65353.3	111.359
65353.5	90.0901
65353.5	111.607
65353.6	182.815
65353.7	110.011
65353.8	119.048
65353.9	81.9672
65354	87.5657
65354.2	83.4725
65354.3	72.9395
65354.4	80.1282
65354.5	81.3008
65354.7	86.8056
65354.8	91.0747
65354.8	145.138
65355	85.034
65355.1	80.9717
65355.2	80.5153
65355.3	145.56
65355.4	101.317
65362.3	1.44758
65362.4	90.009
65362.5	88.1834
65362.6	92.8505
65362.7	117.233
65362.8	131.926
65362.9	122.85
65363	105.708
65363.1	108.225
65363.2	86.881
65363.4	65.0195
65363.5	93.7207
65363.6	85.9107
65363.7	80.3859
65363.9	76.3359
65364	89.3655
65364.1	125.156
65364.2	95.6938
65364.3	91.4913
65364.4	70.8215
65364.6	75.358
66027	0.0150948
66027.1	121.803
66027.2	227.79
66027.3	94.8767
66027.4	130.039
66027.5	114.811
66027.5	199.601
66027.6	115.607
66027.7	105.042
66027.8	101.833
66027.9	98.5222
66028	164.204
66028.1	94.4287
66028.2	95.2381
66028.3	105.485
66028.4	78.4314
66028.5	102.669
66028.6	74.5156
66028.7	207.039
66028.8	204.918
66028.8	277.778
66035.6	1.47375
66035.6	212.766
66035.7	377.358
66035.8	92.1659
66035.9	109.051
66036	104.058
66036.1	139.86
66036.2	91.9963
66036.2	117.647
66036.4	105.932
66036.4	251.889
66036.5	95.2381
66036.6	80.7103
66036.8	67.4309
66036.9	115.34
66037	97.8474
66037.1	71.736
66037.2	196.85
66037.3	61.5385
66037.4	147.71
66037.5	100.604
66044	1.53121
66044.1	141.243
66044.2	94.697
66044.3	197.239
66044.4	99.0099
66044.5	112.486
66044.6	106.724
66044.6	182.482
66044.8	79.6813
66044.9	102.354
66045	92.081
66045	183.824
66045.2	82.0345
66045.3	103.734
66045.4	95.6938
66045.4	152.207
66045.5	268.097
66045.6	106.838
66045.7	78.8644
66045.9	64.6412
66046	82.713
67616.8	0.00636623
67616.9	104.712
67617	102.459
67617.1	93.8086
67617.1	196.464
67617.2	105.597
67617.3	98.0392
67617.5	101.729
67617.6	77.2798
67617.7	97.561
67617.7	168.35
67617.9	77.8816
67618.1	52.3013
67618.2	97.9432
67618.3	136.24
67618.3	105.708
67618.4	120.627
67618.5	133.511
67618.6	180.832
67618.7	95.1475
67618.8	104.275
67625.6	1.46276
67625.7	248.756
67625.8	102.881
67625.9	93.633
67626	72.4113
67626.1	166.113
67626.2	75.815
67626.3	92.8505
67626.4	100.908
67626.5	165.837
67626.6	88.7311
67626.7	119.76
67626.8	227.79
67626.9	100.301
67626.9	142.248
67627.1	78.9266
67627.2	82.4402
67627.3	153.846
67627.4	91.659
67627.5	82.5082
67627.6	139.47
67634.9	1.36962
67634.9	313.48
67635	335.57
67635.1	99.108
67635.2	80.9061
67635.4	64.1026
67635.5	84.8176
67635.6	83.4028
67635.8	63.012
67635.9	61.7665
67636.1	88.4173
67636.2	64.6412
67636.4	65.0195
67636.5	124.688
67636.6	102.041
67636.7	130.89
67636.8	66.4452
67637	72.0461
67637.1	87.6424
67637.2	102.881
67637.3	90.0901
68247.1	0.0163984
68247.2	259.74
68247.2	392.157
68247.3	114.025
68247.4	100.908
68247.5	97.1817
68247.6	109.29
68247.6	178.891
68247.8	65.2316
68247.9	163.132
68248	85.2515
68248.1	94.8767
68248.2	107.066
68248.3	94.697
68248.3	186.22
68248.5	102.354
68248.5	99.6016
68248.7	93.1966
68248.7	166.389
68248.8	188.679
68249	54.6448
68255.9	1.44018
68256	134.59
68256.1	147.493
68256.2	95.511
68256.3	134.953
68256.4	105.485
68256.4	180.18
68256.5	108.578
68256.6	110.742
68256.7	100.2
68256.8	84.0336
68256.9	132.802
68257	95.3289
68257.1	81.7661
68257.2	105.82
68257.3	143.266
68257.4	133.511
68257.5	128.205
68257.6	81.4332
68257.7	87.184
68257.8	78.9889
68264.9	1.40887
68265	318.471
68265.1	135.87
68265.1	268.097
68265.2	115.875
68265.3	82.9187
68265.4	112.486
68265.5	88.4173
68265.6	105.597
68265.7	139.86
68265.9	52.7148
68265.9	182.482
68266	89.4454
68266.1	103.842
68266.3	91.4913
68266.4	80.1282
68266.5	81.103
68266.6	188.679
68266.7	77.7605
68266.8	87.26
68266.9	93.633
68872.2	0.0165204
68872.3	246.305
68872.3	336.7
68872.4	105.82
68872.5	90.5797
68872.7	95.6023
68872.8	91.2409
68872.9	88.1057
68873	97.4659
68873.1	83.682
68873.2	78.8644
68873.3	116.414
68873.4	94.2507
68873.6	85.6164
68873.7	80
68873.8	133.869
68873.9	103.52
68874	100.301
68874	158.983
68874.2	60.9756
68874.3	94.697
68881.3	1.43517
68881.4	106.27
68881.5	112.613
68881.5	242.718
68881.6	95.8773
68881.7	105.374
68881.8	95.7854
68881.9	190.84
68882	105.708
68882.1	85.034
68882.2	83.1947
68882.3	110.988
68882.4	77.9423
68882.5	103.199
68882.7	83.4028
68882.8	80.8407
68882.9	119.904
68883	74.129
68883.1	95.3289
68883.2	98.8142
68883.3	155.763
68900.1	0.595373
68900.2	105.82
68900.3	112.613
68900.4	83.3333
68900.5	98.7167
68900.6	92.2509
68900.7	111.111
68900.8	157.729
68900.9	120.192
68901	95.2381
68901	182.482
68901.1	86.1326
68901.3	84.4595
68901.4	83.1255
68901.5	91.4077
68901.6	73.6377
68901.7	178.253
68901.8	85.9845
68902	75.0751
68902.1	81.1688
68902.2	104.167
70195.1	0.00773456
70195.2	97.1817
70195.3	95.6938
70195.4	94.0734
70195.5	87.9507
70195.7	95.511
70195.8	108.46
70195.8	158.983
70196	58.548
70196.1	78.0031
70196.2	101.42
70196.3	144.928
70196.4	85.3242
70196.5	96.2464
70196.6	75.7002
